YAQ6VSN2W3C6P2GYXE4SKPKXDLLSOV1U
-6.7601
0.0
0.0
0.0
0.0
0.0
0.0
-4.62354
0.0
0.0
0.0
0.0
0.0
0.0
-5.17053
0.0
0.0
0.0
0.0
0.0
0.0
-4.53318
0.0
0.0
0.0
0.0
0.0
0.0
-0.105148
0.0
0.0
0.0
0.0
0.0
0.0
-34.7863
0.0
-3.51193
3.10086
-0.198314
0.0126251
-1.02517
-43.6499
-0.00246064
-2.7507
-0.424877
0.015987
-0.000690875
-0.207625
8.93525
0.0
-3.7208
0.198654
0.0
0.0
0.333333
7.52898
0.0
-3.7208
0.871782
0.0
0.0
-0.666667
3.78177
0.0
-4.26166
-0.119233
0.778829
-0.0925203
-0.666667
-27.7611
-4.30107e-12
-6.141
-1.93473e-09
2.04145e-10
-1.80372e-11
-0.666667
17.7075
0.0
-12.8271
-3.8126
0.0942285
-0.00301018
1.33333
15.6099
0.0
-12.8271
-0.0308225
-0.654685
0.0896331
-0.666667
7.73399
-7.345
0.0
0.0
0.0
0.0
-1.5
12.5315
0.0
-10.264
-0.203472
0.121083
-0.00700063
-0.666667
17.5428
-3.77849
-5.10735
-2.24111
0.148883
0.0
-1.5
17.1482
0.0
-13.692
-0.230881
4.44362
-3.15898
-0.666667
69.6526
-1.39254
58.9128
-148.273
9.08324
-0.541041
70.3554
254.634
-1.84097
103.411
-420.567
64.0874
-12.4624
137.303
18.5155
0.0
-13.72
-0.450018
3.70823
-1.70545
-0.666667
13.9637
-5.78147
0.0
-0.196703
0.142126
-0.0238912
-1.5
15.1825
-13.5543
0.0
0.0
0.0
0.0
-1.5
18.1356
0.0
-15.1676
0.0955166
3.0659
-0.507339
-0.666667
10.9971
-6.12602
1.57122
0.0
0.0
0.0
-1.5
6.73578
-4.891
0.0
0.0
0.0
0.0
0.0682
7.65444
-2.998
0.0
0.0
0.0
0.0
-1.5
20.1169
0.0
-15.193
-4.63975
9.73458
-9.55051
0.333333
17.01
0.0
-15.193
-0.161954
-7.52123
-0.987565
-0.666667
13.8995
-10.9656
-5.6227
0.0
0.0
0.0
-1.5
0.196838
-5.16034
0.0
0.0
0.0
0.0
-1.5
21.5339
0.0
-36.2504
0.0
0.0
-5.0
-0.666667
14.5444
-10.2295
0.0
0.0
0.0459037
0.0
-1.5
6.59056
-2.92315
0.0
0.0
0.0
0.0
-1.5
20.0176
0.0
-15.24
0.334926
4.59088
-4.78468
-0.666667
19.0904
0.0
-16.696
-1.16252
0.267703
-0.0338411
-0.666667
15.8929
0.0
-16.4035
4.31885
-0.709921
-2.0
-0.666667
9.39048
-6.22828
0.0
2.31435
-0.302835
0.020133
-1.5
-13.077
-0.746296
0.0
0.0
0.0
0.0
-1.5
41.2969
0.0
-7.182
-17.1349
1.36908
-0.0814423
3.35395
24.6839
0.0
-7.182
0.473288
1.46847
-27.9603
-0.666667
40.4644
0.0
-35.829
-0.530275
-0.982462
0.0808059
-0.666667
20.8972
-7.406
0.0
0.0
0.0
0.0
-1.5
-4.87347
-2.02117
0.0
30.8497
-8.50433
-1.54426
-1.5
27.4764
0.0
-15.253
1.59318
2.4479
-2.19708
-0.666667
-6.57522
-1.1638
0.0
22.7105
-2.90707
0.205754
-1.5
40.8358
0.0
-39.388
-17.4673
35.3029
-24.8162
-0.666667
16.3087
-22.51
0.0
0.0
0.0
0.0
-1.5
11.1184
-13.6
0.0
0.0
0.0
0.0
-1.5
-106.091
-0.453036
0.0
0.0
0.0
0.0
-1.5
12.1289
-12.0223
0.0
0.0
0.0
0.0
-1.5
18.6518
-26.0
0.0
0.0
0.0
0.0
-1.5
10.174
-4.95865
0.0
5.10182
0.379373
-0.0672515
-1.5
5.5336
-2.11477
0.0
0.0
0.0
0.0
-1.5
-7.20763
-0.753395
0.0
0.0
0.0
0.0
-1.5
19.579
0.0
-16.9078
0.0
0.0
-2.0
-0.666667
-31.7388
-0.376432
0.0
61.738
-108.29
-34.2365
-1.5
62.0058
0.0
-21.4023
-80.8891
134.6
-126.504
-0.666667
1.75704
-3.01675
0.0
13.3223
-1.36696
0.0757363
-1.5
24.7788
0.0
-12.277
-0.103699
-0.0649967
0.0168191
-0.666667
27.6987
0.0
-12.428
0.0
0.0
0.0
-0.666667
31.7435
-5.45213e-12
-21.793
-1.98126e-09
1.84204e-10
-1.46403e-11
-0.666667
-24.3505
-4.12656
-13.49
21.4259
-1.34769
0.0879816
-13.1653
-11.7884
-1.02446
-23.57
20.4886
-12.9882
-20.0
-2.16667
-0.971052
0.0
-37.06
29.3493
-115.507
-10.0
-1.33333
1
2
3
4
5
6
7
8
10
11
12
14
16
18
20
23
25
29
32
35
36
39
41
42
46
52
56
59
60
61
62
0
0
0
0
0
0
0
1
0
0
1
1
1
1
2
1
3
2
2
0
2
1
0
3
5
3
2
0
0
0
2
