   6.400E+00   1.790E+00   1.222E+06   5.013E-08   5.609E-02   3.407E-01   4.112E-01   1.766E-01
   1.539E-02   1.707E-21   2.580E+06   8.040E+00   1.834E+01   3.455E-01
   6.450E+00   1.843E+00   1.394E+06   7.234E-08   5.475E-02   3.444E-01   4.028E-01   1.814E-01
   1.665E-02   9.222E-21   2.849E+06   8.042E+00   1.836E+01   3.381E-01
   6.500E+00   1.903E+00   1.582E+06   9.727E-08   4.966E-02   3.482E-01   3.946E-01   1.890E-01
   1.859E-02   6.406E-20   3.160E+06   8.046E+00   1.843E+01   3.331E-01
   6.550E+00   1.968E+00   1.794E+06   1.288E-07   4.334E-02   3.527E-01   3.851E-01   1.978E-01
   2.113E-02   4.754E-19   3.508E+06   8.051E+00   1.853E+01   3.284E-01
   6.600E+00   2.036E+00   2.033E+06   1.746E-07   3.663E-02   3.585E-01   3.727E-01   2.077E-01
   2.444E-02   3.471E-18   3.897E+06   8.057E+00   1.863E+01   3.239E-01
   6.650E+00   2.118E+00   2.286E+06   2.390E-07   2.562E-02   3.698E-01   3.488E-01   2.250E-01
   3.084E-02   3.332E-17   4.362E+06   8.066E+00   1.880E+01   3.230E-01
   6.700E+00   2.216E+00   2.547E+06   4.072E-07   1.424E-02   3.993E-01   2.854E-01   2.548E-01
   4.620E-02   3.608E-16   4.931E+06   8.082E+00   1.898E+01   3.261E-01
   6.750E+00   2.343E+00   2.784E+06   7.916E-07   6.098E-03   4.730E-01   1.364E-01   2.871E-01
   9.730E-02   2.960E-15   5.679E+06   8.109E+00   1.911E+01   3.377E-01
   6.800E+00   2.471E+00   3.054E+06   3.547E-07   1.928E-03   5.492E-01   1.167E-02   2.436E-01
   1.936E-01   3.113E-14   6.511E+06   8.137E+00   1.919E+01   3.477E-01
   6.850E+00   2.554E+00   3.479E+06   3.701E-08   5.934E-04   5.594E-01   1.819E-04   2.215E-01
   2.184E-01   1.591E-13   7.202E+06   8.142E+00   1.922E+01   3.410E-01
   6.900E+00   2.631E+00   3.985E+06   5.251E-08   1.446E-04   5.604E-01   3.194E-05   2.126E-01
   2.268E-01   7.067E-13   7.916E+06   8.144E+00   1.924E+01   3.318E-01
   6.950E+00   2.709E+00   4.565E+06   1.098E-07   1.413E-05   5.611E-01   1.815E-05   2.039E-01
   2.351E-01   3.245E-12   8.695E+06   8.145E+00   1.925E+01   3.226E-01
   7.000E+00   2.791E+00   5.224E+06   2.329E-07   3.549E-06   5.607E-01   9.725E-06   1.943E-01
   2.449E-01   1.405E-11   9.551E+06   8.147E+00   1.928E+01   3.137E-01
   7.050E+00   2.878E+00   5.965E+06   4.004E-07   5.185E-06   5.578E-01   4.667E-06   1.829E-01
   2.593E-01   6.535E-11   1.051E+07   8.151E+00   1.933E+01   3.058E-01
   7.100E+00   2.978E+00   6.774E+06   6.099E-07   7.748E-06   5.483E-01   4.877E-06   1.669E-01
   2.848E-01   2.744E-10   1.163E+07   8.158E+00   1.946E+01   3.003E-01
   7.150E+00   3.106E+00   7.605E+06   1.372E-06   1.266E-05   5.172E-01   5.930E-06   1.353E-01
   3.475E-01   8.671E-10   1.304E+07   8.179E+00   1.982E+01   3.001E-01
   7.200E+00   3.382E+00   7.939E+06   6.210E-06   3.865E-05   3.821E-01   1.234E-05   3.055E-02
   5.873E-01   3.519E-09   1.582E+07   8.262E+00   2.168E+01   3.325E-01
   7.250E+00   3.768E+00   7.690E+06   9.247E-05   8.461E-05   1.703E-02   8.527E-06   1.802E-04
   9.818E-01   8.022E-04   2.018E+07   8.454E+00   2.881E+01   3.962E-01
   7.300E+00   3.899E+00   8.780E+06   2.553E-04   9.524E-06   1.764E-04   1.243E-07   2.052E-04
   9.919E-01   7.498E-03   2.235E+07   8.464E+00   2.927E+01   3.888E-01
   7.350E+00   4.023E+00   1.009E+07   4.468E-04   1.191E-05   1.856E-04   1.717E-07   2.593E-04
   9.849E-01   1.421E-02   2.459E+07   8.464E+00   2.927E+01   3.786E-01
   7.400E+00   4.154E+00   1.158E+07   8.224E-04   1.549E-05   2.068E-04   2.665E-07   2.811E-04
   9.705E-01   2.816E-02   2.708E+07   8.467E+00   2.944E+01   3.689E-01
   7.450E+00   4.293E+00   1.324E+07   1.667E-03   1.730E-05   1.882E-04   3.549E-07   2.684E-04
   9.288E-01   6.903E-02   2.989E+07   8.474E+00   2.980E+01   3.608E-01
   7.500E+00   4.444E+00   1.507E+07   3.442E-03   1.679E-05   1.431E-04   4.004E-07   2.282E-04
   8.253E-01   1.709E-01   3.310E+07   8.488E+00   3.048E+01   3.545E-01
   7.550E+00   4.611E+00   1.706E+07   6.980E-03   1.305E-05   8.472E-05   3.533E-07   1.590E-04
   6.181E-01   3.747E-01   3.683E+07   8.509E+00   3.147E+01   3.506E-01
   7.600E+00   4.781E+00   1.932E+07   1.276E-02   7.540E-06   3.915E-05   2.357E-07   8.763E-05
   3.698E-01   6.173E-01   4.099E+07   8.527E+00   3.173E+01   3.465E-01
   7.650E+00   4.936E+00   2.203E+07   2.060E-02   2.726E-06   1.270E-05   1.069E-07   3.522E-05
   1.740E-01   8.054E-01   4.528E+07   8.530E+00   3.047E+01   3.394E-01
   7.700E+00   5.071E+00   2.533E+07   2.957E-02   8.564E-07   3.884E-06   4.348E-08   1.331E-05
   7.895E-02   8.915E-01   4.959E+07   8.518E+00   2.821E+01   3.286E-01
   7.750E+00   5.194E+00   2.923E+07   3.932E-02   3.694E-07   1.547E-06   2.163E-08   6.165E-06
   4.183E-02   9.188E-01   5.401E+07   8.499E+00   2.589E+01   3.160E-01
   7.800E+00   5.311E+00   3.375E+07   4.829E-02   3.519E-07   1.301E-06   2.069E-08   5.219E-06
   3.319E-02   9.185E-01   5.869E+07   8.479E+00   2.397E+01   3.030E-01
   7.850E+00   5.428E+00   3.894E+07   5.630E-02   5.125E-07   1.792E-06   3.084E-08   6.670E-06
   3.447E-02   9.092E-01   6.371E+07   8.460E+00   2.244E+01   2.903E-01
   7.900E+00   5.542E+00   4.489E+07   6.439E-02   7.539E-07   2.527E-06   4.664E-08   8.721E-06
   3.652E-02   8.991E-01   6.909E+07   8.442E+00   2.113E+01   2.778E-01
   7.950E+00   5.653E+00   5.170E+07   7.258E-02   1.071E-06   3.449E-06   6.801E-08   1.114E-05
   3.835E-02   8.891E-01   7.485E+07   8.423E+00   1.999E+01   2.658E-01
   8.000E+00   5.761E+00   5.948E+07   8.074E-02   1.492E-06   4.635E-06   9.723E-08   1.408E-05
   4.024E-02   8.790E-01   8.104E+07   8.406E+00   1.900E+01   2.541E-01
   8.050E+00   5.866E+00   6.836E+07   8.876E-02   2.025E-06   6.080E-06   1.352E-07   1.750E-05
   4.200E-02   8.692E-01   8.768E+07   8.389E+00   1.815E+01   2.428E-01
   8.100E+00   5.969E+00   7.848E+07   9.661E-02   2.691E-06   7.822E-06   1.838E-07   2.145E-05
   4.369E-02   8.597E-01   9.482E+07   8.373E+00   1.741E+01   2.320E-01
   8.150E+00   6.070E+00   9.001E+07   1.042E-01   3.508E-06   9.891E-06   2.451E-07   2.597E-05
   4.533E-02   8.504E-01   1.025E+08   8.357E+00   1.676E+01   2.216E-01
   8.200E+00   6.169E+00   1.031E+08   1.115E-01   4.500E-06   1.232E-05   3.212E-07   3.112E-05
   4.695E-02   8.415E-01   1.108E+08   8.343E+00   1.619E+01   2.117E-01
   8.250E+00   6.266E+00   1.180E+08   1.184E-01   5.689E-06   1.516E-05   4.146E-07   3.694E-05
   4.858E-02   8.329E-01   1.197E+08   8.329E+00   1.569E+01   2.022E-01
   8.300E+00   6.362E+00   1.349E+08   1.250E-01   7.108E-06   1.845E-05   5.286E-07   4.353E-05
   5.023E-02   8.247E-01   1.293E+08   8.316E+00   1.524E+01   1.932E-01
   8.350E+00   6.457E+00   1.541E+08   1.312E-01   8.785E-06   2.224E-05   6.666E-07   5.097E-05
   5.193E-02   8.167E-01   1.396E+08   8.304E+00   1.485E+01   1.846E-01
   8.400E+00   6.550E+00   1.758E+08   1.371E-01   1.076E-05   2.660E-05   8.328E-07   5.935E-05
   5.369E-02   8.091E-01   1.508E+08   8.293E+00   1.450E+01   1.766E-01
   8.450E+00   6.643E+00   2.004E+08   1.426E-01   1.307E-05   3.159E-05   1.032E-06   6.876E-05
   5.551E-02   8.018E-01   1.629E+08   8.282E+00   1.419E+01   1.689E-01
   8.500E+00   6.736E+00   2.283E+08   1.477E-01   1.576E-05   3.727E-05   1.270E-06   7.934E-05
   5.740E-02   7.947E-01   1.760E+08   8.272E+00   1.391E+01   1.615E-01
   8.550E+00   6.828E+00   2.598E+08   1.526E-01   1.888E-05   4.372E-05   1.552E-06   9.119E-05
   5.935E-02   7.879E-01   1.901E+08   8.263E+00   1.366E+01   1.546E-01
   8.600E+00   6.921E+00   2.954E+08   1.572E-01   2.248E-05   5.101E-05   1.886E-06   1.044E-04
   6.137E-02   7.813E-01   2.054E+08   8.254E+00   1.344E+01   1.481E-01
   8.650E+00   7.013E+00   3.357E+08   1.615E-01   2.659E-05   5.919E-05   2.279E-06   1.192E-04
   6.345E-02   7.749E-01   2.219E+08   8.246E+00   1.323E+01   1.419E-01
   8.700E+00   7.105E+00   3.813E+08   1.655E-01   3.126E-05   6.832E-05   2.739E-06   1.355E-04
   6.558E-02   7.687E-01   2.398E+08   8.238E+00   1.305E+01   1.359E-01
   8.750E+00   7.198E+00   4.327E+08   1.693E-01   3.654E-05   7.847E-05   3.275E-06   1.536E-04
   6.777E-02   7.627E-01   2.592E+08   8.231E+00   1.287E+01   1.303E-01
   8.800E+00   7.291E+00   4.909E+08   1.728E-01   4.249E-05   8.969E-05   3.898E-06   1.737E-04
   7.002E-02   7.569E-01   2.802E+08   8.224E+00   1.272E+01   1.248E-01
   8.850E+00   7.385E+00   5.565E+08   1.761E-01   4.917E-05   1.021E-04   4.620E-06   1.958E-04
   7.234E-02   7.512E-01   3.030E+08   8.217E+00   1.258E+01   1.198E-01
   8.900E+00   7.479E+00   6.305E+08   1.791E-01   5.662E-05   1.157E-04   5.455E-06   2.201E-04
   7.471E-02   7.457E-01   3.276E+08   8.211E+00   1.245E+01   1.150E-01
   8.950E+00   7.574E+00   7.141E+08   1.820E-01   6.495E-05   1.307E-04   6.419E-06   2.470E-04
   7.716E-02   7.404E-01   3.543E+08   8.206E+00   1.233E+01   1.104E-01
   9.000E+00   7.670E+00   8.084E+08   1.847E-01   7.423E-05   1.471E-04   7.529E-06   2.765E-04
   7.969E-02   7.351E-01   3.833E+08   8.200E+00   1.222E+01   1.060E-01
   9.050E+00   7.767E+00   9.147E+08   1.872E-01   8.456E-05   1.651E-04   8.808E-06   3.091E-04
   8.229E-02   7.299E-01   4.146E+08   8.195E+00   1.212E+01   1.018E-01
   9.100E+00   7.866E+00   1.035E+09   1.896E-01   9.607E-05   1.847E-04   1.028E-05   3.451E-04
   8.498E-02   7.247E-01   4.487E+08   8.190E+00   1.202E+01   9.762E-02
   9.150E+00   7.965E+00   1.170E+09   1.919E-01   1.088E-04   2.062E-04   1.197E-05   3.846E-04
   8.777E-02   7.197E-01   4.857E+08   8.185E+00   1.194E+01   9.391E-02
   9.200E+00   8.065E+00   1.322E+09   1.939E-01   1.229E-04   2.295E-04   1.391E-05   4.280E-04
   9.066E-02   7.147E-01   5.257E+08   8.181E+00   1.186E+01   9.044E-02
   9.250E+00   8.167E+00   1.494E+09   1.958E-01   1.385E-04   2.548E-04   1.613E-05   4.757E-04
   9.365E-02   7.097E-01   5.692E+08   8.177E+00   1.178E+01   8.688E-02
   9.300E+00   8.270E+00   1.687E+09   1.975E-01   1.557E-04   2.823E-04   1.866E-05   5.280E-04
   9.676E-02   7.048E-01   6.163E+08   8.173E+00   1.172E+01   8.372E-02
   9.350E+00   8.374E+00   1.905E+09   1.991E-01   1.747E-04   3.121E-04   2.156E-05   5.855E-04
   9.998E-02   6.998E-01   6.675E+08   8.169E+00   1.165E+01   8.054E-02
   9.400E+00   8.480E+00   2.150E+09   2.005E-01   1.955E-04   3.442E-04   2.486E-05   6.485E-04
   1.033E-01   6.949E-01   7.230E+08   8.166E+00   1.160E+01   7.763E-02
   9.450E+00   8.588E+00   2.427E+09   2.018E-01   2.186E-04   3.790E-04   2.864E-05   7.177E-04
   1.068E-01   6.900E-01   7.834E+08   8.163E+00   1.155E+01   7.461E-02
   9.500E+00   8.697E+00   2.738E+09   2.030E-01   2.439E-04   4.164E-04   3.293E-05   7.934E-04
   1.104E-01   6.851E-01   8.488E+08   8.160E+00   1.150E+01   7.191E-02
   9.550E+00   8.808E+00   3.088E+09   2.041E-01   2.717E-04   4.566E-04   3.783E-05   8.765E-04
   1.141E-01   6.802E-01   9.199E+08   8.157E+00   1.146E+01   6.934E-02
   9.600E+00   8.922E+00   3.483E+09   2.050E-01   3.022E-04   4.998E-04   4.340E-05   9.675E-04
   1.179E-01   6.753E-01   9.971E+08   8.154E+00   1.142E+01   6.673E-02
   9.650E+00   9.037E+00   3.926E+09   2.059E-01   3.358E-04   5.461E-04   4.975E-05   1.067E-03
   1.219E-01   6.703E-01   1.081E+09   8.152E+00   1.139E+01   6.444E-02
   9.700E+00   9.153E+00   4.426E+09   2.066E-01   3.726E-04   5.955E-04   5.697E-05   1.176E-03
   1.259E-01   6.653E-01   1.172E+09   8.149E+00   1.136E+01   6.208E-02
   9.750E+00   9.273E+00   4.988E+09   2.072E-01   4.131E-04   6.484E-04   6.521E-05   1.296E-03
   1.302E-01   6.602E-01   1.271E+09   8.147E+00   1.133E+01   5.988E-02
   9.800E+00   9.393E+00   5.620E+09   2.077E-01   4.574E-04   7.045E-04   7.459E-05   1.427E-03
   1.346E-01   6.550E-01   1.379E+09   8.145E+00   1.131E+01   5.780E-02
   9.850E+00   9.518E+00   6.331E+09   2.081E-01   5.064E-04   7.645E-04   8.538E-05   1.573E-03
   1.393E-01   6.497E-01   1.496E+09   8.143E+00   1.129E+01   5.581E-02
   9.900E+00   9.641E+00   7.132E+09   2.082E-01   5.596E-04   8.267E-04   9.760E-05   1.731E-03
   1.441E-01   6.443E-01   1.623E+09   8.141E+00   1.127E+01   5.382E-02
   9.950E+00   9.659E+00   8.042E+09   2.036E-01   5.953E-04   8.715E-04   1.084E-04   1.877E-03
   1.515E-01   6.385E-01   1.740E+09   8.118E+00   1.118E+01   5.134E-02
   1.000E+01   1.009E+01   9.021E+09   2.074E-01   6.825E-04   9.593E-04   1.280E-04   2.108E-03
   1.558E-01   6.388E-01   1.958E+09   8.194E+00   1.126E+01   5.147E-02
