1X6U5GX1VFVYWSHGJV8ABL6RW0VO10BS
34.2658
-67.6518
0.0
-3.65925
0.714224
-0.00107508
0.0
28.6431
-65.246
0.0
0.0
0.0
0.0
0.0
48.6604
-54.8875
-39.7262
-0.210799
0.442879
-0.0797753
0.833333
3.88571
-10.3585
0.0
0.0
0.0
0.0
-1.5
23.903
0.0
-39.7262
-0.210799
0.442879
-0.0797753
-0.666667
9.50848
-12.7643
0.0
-3.65925
0.714224
-0.00107508
-1.5
-8.79827
-12.7809
0.0
16.9229
-2.57325
0.208997
-1.5
1.98307
-9.22026
0.0
0.0
0.0
0.0
-1.5
-38.7055
-2.50605
0.0
0.0
0.0
0.0
-1.5
24.5058
0.0
-46.2525
5.58901
7.61843
-3.683
-0.666667
-50.5494
-12.8332
21.3721
37.7649
-4.10635
0.249618
-1.5
8.03977
-15.629
0.0
0.0
0.0
0.0
-1.5
86.0234
-0.387313
-26.8327
-116.137
0.00950567
0.00999755
-1.5
21.1065
0.0
-23.2205
0.0
0.0
-2.0
-0.666667
-13.6664
-1.90396
0.0
23.8634
-3.70135
0.28964
-1.5
47.2333
0.0
-56.5351
-0.896208
-1.72024
0.185409
-0.666667
47.9212
0.0
-59.4896
4.47205
-4.78989
0.557201
-0.666667
19.2596
0.0
-25.3278
6.4931
-9.27513
-0.610439
-0.666667
0.821556
-3.77704
0.0
8.09341
-0.615971
0.031159
-1.5
-2.66839
-2.25958
0.0
0.0
0.0
0.0
-1.5
85.2628
0.223453
-145.844
8.72612
-0.554035
-0.137562
-6.88807
97.2435
-0.268514
-119.324
-32.2497
1.46214
-0.200893
13.2148
30.0397
-18.5791
-26.4162
0.0
0.0
-2.0
-0.666667
-26.2862
-19.5422
5.18642
-34.7936
168.225
-115.825
-1.5
-6.44575
-22.8216
0.0
18.0416
-1.54137
0.0847506
-1.5
-26.8683
-0.963012
5.18642
-34.7936
168.225
-115.825
-1.5
29.4576
0.0
-26.4162
0.0
0.0
-2.0
-0.666667
-7.02789
-4.2425
0.0
18.0416
-1.54137
0.0847506
-1.5
60.3424
-22.2348
-31.932
-77.0334
-43.6847
-4.28955
-0.666667
-13.4595
-24.112
0.0
0.0
0.0
0.0
-1.5
-11.4335
-25.6606
0.0
21.521
-1.90355
0.092724
-1.5
-12.919
-1.87716
0.0
0.0
0.0
0.0
-1.5
60.8829
0.0
-31.932
-77.0334
-43.6847
-4.28955
-0.666667
-10.893
-3.42575
0.0
21.521
-1.90355
0.092724
-1.5
1
4
7
11
13
16
17
18
21
22
23
26
29
32
2
2
3
1
2
0
0
2
0
0
2
2
2
2
