MY9OYSB4AGY263GV22Y58MN15QQUNOZC
-24.3505
-4.12656
-13.49
21.4259
-1.34769
0.0879816
-13.1653
-11.7884
-1.02446
-23.57
20.4886
-12.9882
-20.0
-2.16667
-0.971052
0.0
-37.06
29.3493
-115.507
-10.0
-1.33333
69.6526
-1.39254
58.9128
-148.273
9.08324
-0.541041
70.3554
254.634
-1.84097
103.411
-420.567
64.0874
-12.4624
137.303
13.8995
-10.9656
-5.6227
0.0
0.0
0.0
-1.5
0.196838
-5.16034
0.0
0.0
0.0
0.0
-1.5
21.5339
0.0
-36.2504
0.0
0.0
-5.0
-0.666667
49.7863
-1.84559
21.4461
-73.252
2.42329
-0.077278
40.7604
17.5428
-3.77849
-5.10735
-2.24111
0.148883
0.0
-1.5
17.1482
0.0
-13.692
-0.230881
4.44362
-3.15898
-0.666667
40.4644
0.0
-35.829
-0.530275
-0.982462
0.0808059
-0.666667
3.88571
-10.3585
0.0
0.0
0.0
0.0
-1.5
23.903
0.0
-39.7262
-0.210799
0.442879
-0.0797753
-0.666667
9.50848
-12.7643
0.0
-3.65925
0.714224
-0.00107508
-1.5
-23.805
-2.06876
0.0
0.0
0.0
0.0
-1.5
18.4877
0.0
-31.7222
11.3923
-9.92249
-2.0
-0.666667
11.8309
-10.3983
0.0
-3.83188
1.64358
-0.177785
-1.5
1
4
6
9
10
12
13
16
2
1
2
0
1
0
2
2
