   14
010015020030040050060070080090100150200250300350400450500600700800900100
  he4
  c12
  o16
 ne20
 mg24
 si28
  s32
 ar36
 ca40
 ti44
 cr48
 fe52
 ni56
 zn60
  he4       4.000   2   2   0.0     2.42491563
 1.00000E+00 1.00000E+00 1.00000E+00 1.00000E+00 1.00000E+00 1.00000E+00 1.00000E+00 1.00000E+00
 1.00000E+00 1.00000E+00 1.00000E+00 1.00000E+00 1.00000E+00 1.00000E+00 1.00000E+00 1.00000E+00
 1.00000E+00 1.00000E+00 1.00000E+00 1.00000E+00 1.00000E+00 1.00000E+00 1.00000E+00 1.00000E+00
  c12      12.000   6   6   0.0     0.00000000
 1.00000E+00 1.00000E+00 1.00000E+00 1.00000E+00 1.00000E+00 1.00000E+00 1.00000E+00 1.00000E+00
 1.00000E+00 1.00000E+00 1.00000E+00 1.00000E+00 1.00000E+00 1.00000E+00 1.00000E+00 1.00000E+00
 1.00000E+00 1.00000E+00 1.00000E+00 1.00000E+00 1.00000E+00 1.00000E+00 1.00000E+00 1.00000E+00
  o16      16.000   8   8   0.0    -4.73700141
 1.00000E+00 1.00000E+00 1.00000E+00 1.00000E+00 1.00000E+00 1.00000E+00 1.00000E+00 1.00000E+00
 1.00000E+00 1.00000E+00 1.00000E+00 1.00000E+00 1.00000E+00 1.00000E+00 1.00000E+00 1.00000E+00
 1.00000E+00 1.00000E+00 1.00000E+00 1.00000E+00 1.00000E+00 1.00000E+00 1.00000E+00 1.00000E+00
 ne20      20.000  10  10   0.0    -7.04193061
 1.00000E+00 1.00000E+00 1.00000E+00 1.00000E+00 1.00000E+00 1.00000E+00 1.00000E+00 1.00000E+00
 1.00000E+00 1.00000E+00 1.00000E+00 1.00000E+00 1.00000E+00 1.00000E+00 1.01000E+00 1.02000E+00
 1.04000E+00 1.07000E+00 1.11000E+00 1.22000E+00 1.34000E+00 1.49000E+00 1.66000E+00 1.85000E+00
 mg24      24.000  12  12   0.0   -13.93356900
 1.00000E+00 1.00000E+00 1.00000E+00 1.00000E+00 1.00000E+00 1.00000E+00 1.00000E+00 1.00000E+00
 1.00000E+00 1.00000E+00 1.00000E+00 1.00000E+00 1.00000E+00 1.01000E+00 1.03000E+00 1.05000E+00
 1.09000E+00 1.15000E+00 1.21000E+00 1.36000E+00 1.53000E+00 1.73000E+00 1.94000E+00 2.17000E+00
 si28      28.000  14  14   0.0   -21.49279474
 1.00000E+00 1.00000E+00 1.00000E+00 1.00000E+00 1.00000E+00 1.00000E+00 1.00000E+00 1.00000E+00
 1.00000E+00 1.00000E+00 1.00000E+00 1.00000E+00 1.00000E+00 1.00000E+00 1.01000E+00 1.01000E+00
 1.03000E+00 1.05000E+00 1.08000E+00 1.16000E+00 1.27000E+00 1.39000E+00 1.54000E+00 1.70000E+00
  s32      32.000  16  16   0.0   -26.01553374
 1.00000E+00 1.00000E+00 1.00000E+00 1.00000E+00 1.00000E+00 1.00000E+00 1.00000E+00 1.00000E+00
 1.00000E+00 1.00000E+00 1.00000E+00 1.00000E+00 1.00000E+00 1.00000E+00 1.00000E+00 1.00000E+00
 1.01000E+00 1.02000E+00 1.03000E+00 1.07000E+00 1.14000E+00 1.24000E+00 1.39000E+00 1.59000E+00
 ar36      36.000  18  18   0.0   -30.23153800
 1.00000E+00 1.00000E+00 1.00000E+00 1.00000E+00 1.00000E+00 1.00000E+00 1.00000E+00 1.00000E+00
 1.00000E+00 1.00000E+00 1.00000E+00 1.00000E+00 1.00000E+00 1.00000E+00 1.00000E+00 1.01000E+00
 1.02000E+00 1.03000E+00 1.05000E+00 1.12000E+00 1.22000E+00 1.37000E+00 1.57000E+00 1.86000E+00
 ca40      40.000  20  20   0.0   -34.84638700
 1.00000E+00 1.00000E+00 1.00000E+00 1.00000E+00 1.00000E+00 1.00000E+00 1.00000E+00 1.00000E+00
 1.00000E+00 1.00000E+00 1.00000E+00 1.00000E+00 1.00000E+00 1.00000E+00 1.00000E+00 1.00000E+00
 1.00000E+00 1.00000E+00 1.00000E+00 1.01000E+00 1.04000E+00 1.09000E+00 1.20000E+00 1.38000E+00
 ti44      44.000  22  22   0.0   -37.54857100
 1.00000E+00 1.00000E+00 1.00000E+00 1.00000E+00 1.00000E+00 1.00000E+00 1.00000E+00 1.00000E+00
 1.00000E+00 1.00000E+00 1.00000E+00 1.00000E+00 1.01000E+00 1.03000E+00 1.08000E+00 1.14000E+00
 1.23000E+00 1.35000E+00 1.49000E+00 1.85000E+00 2.35000E+00 3.01000E+00 3.86000E+00 4.94000E+00
 cr48      48.000  24  24   0.0   -42.82162000
 1.00000E+00 1.00000E+00 1.00000E+00 1.00000E+00 1.00000E+00 1.00000E+00 1.00000E+00 1.00000E+00
 1.00000E+00 1.00000E+00 1.00000E+00 1.01000E+00 1.06000E+00 1.15000E+00 1.28000E+00 1.43000E+00
 1.61000E+00 1.80000E+00 2.00000E+00 2.46000E+00 3.00000E+00 3.63000E+00 4.44000E+00 5.54000E+00
 fe52      52.000  26  26   0.0   -48.33299600
 1.00000E+00 1.00000E+00 1.00000E+00 1.00000E+00 1.00000E+00 1.00000E+00 1.00000E+00 1.00000E+00
 1.00000E+00 1.00000E+00 1.00000E+00 1.01000E+00 1.04000E+00 1.10000E+00 1.19000E+00 1.30000E+00
 1.44000E+00 1.58000E+00 1.74000E+00 2.10000E+00 2.51000E+00 3.00000E+00 3.65000E+00 4.57000E+00
 ni56      56.000  28  28   0.0   -53.90688100
 1.00000E+00 1.00000E+00 1.00000E+00 1.00000E+00 1.00000E+00 1.00000E+00 1.00000E+00 1.00000E+00
 1.00000E+00 1.00000E+00 1.00000E+00 1.00000E+00 1.00000E+00 1.00000E+00 1.00000E+00 1.00000E+00
 1.00000E+00 1.01000E+00 1.01000E+00 1.03000E+00 1.08000E+00 1.18000E+00 1.35000E+00 1.67000E+00
 zn60      60.000  30  30   0.0   -54.17369800
 1.00000E+00 1.00000E+00 1.00000E+00 1.00000E+00 1.00000E+00 1.00000E+00 1.00000E+00 1.00000E+00
 1.00000E+00 1.00000E+00 1.00000E+00 1.00000E+00 1.01000E+00 1.05000E+00 1.10000E+00 1.19000E+00
 1.29000E+00 1.41000E+00 1.55000E+00 1.91000E+00 2.41000E+00 3.16000E+00 4.40000E+00 6.56000E+00
