PE0WFNJTYTGSJYT0WPKI8OEB43A9IZRN
-26.2827
0.0
0.0
0.0
0.0
0.0
0.0
-9.15982
0.0
0.0
0.0
0.0
0.0
0.0
40.4354
-26.326
-5.10735
-2.24111
0.148883
0.0
0.0
40.0408
-22.5475
-13.692
-0.230881
4.44362
-3.15898
0.833333
279.295
-84.9515
103.411
-420.567
64.0874
-12.4624
138.803
94.3131
-84.503
58.9128
-148.273
9.08324
-0.541041
71.8554
36.546
-82.6514
0.0
-3.83188
1.64358
-0.177785
0.0
0.910093
-74.3219
0.0
0.0
0.0
0.0
0.0
43.2028
-72.2531
-31.7222
11.3923
-9.92249
-2.0
0.833333
24.9119
-56.3896
0.0
0.0
0.0
0.0
0.0
46.249
-51.2292
-36.2504
0.0
0.0
-5.0
0.833333
38.6146
-62.1948
-5.6227
0.0
0.0
0.0
0.0
34.2658
-67.6518
0.0
-3.65925
0.714224
-0.00107508
0.0
28.6431
-65.246
0.0
0.0
0.0
0.0
0.0
48.6604
-54.8875
-39.7262
-0.210799
0.442879
-0.0797753
0.833333
34.0876
-138.968
0.0
-0.360588
1.4187
-0.184061
0.0
20.0024
-137.3
0.0
0.0
0.0
0.0
0.0
43.9357
-135.688
-20.6428
1.52954
2.7487
-1.0
0.833333
49.3244
-108.114
-46.2525
5.58901
7.61843
-3.683
0.833333
16.0203
-120.895
0.0
16.9229
-2.57325
0.208997
0.0
26.8017
-117.334
0.0
0.0
0.0
0.0
0.0
-13.8869
-110.62
0.0
0.0
0.0
0.0
0.0
69.2185
-117.109
-50.2042
-1.64239
-1.59995
0.184933
0.833333
111.466
-134.832
-26.8327
-116.137
0.00950567
0.00999755
0.0
11.7765
-136.349
0.0
23.8634
-3.70135
0.28964
0.0
46.5494
-134.445
-23.2205
0.0
0.0
-2.0
0.833333
32.9006
-131.488
0.0
0.0
0.0
0.0
0.0
-25.6886
-128.693
21.3721
37.7649
-4.10635
0.249618
0.0
73.2168
-112.206
-56.5351
-0.896208
-1.72024
0.185409
0.833333
25.1729
-106.637
0.0
8.09341
-0.615971
0.031159
0.0
21.6829
-105.119
0.0
0.0
0.0
0.0
0.0
43.6109
-102.86
-25.3278
6.4931
-9.27513
-0.610439
0.833333
72.813
-80.626
-59.4896
4.47205
-4.78989
0.557201
0.833333
74.6679
-81.2033
-62.5433
-2.95026
-0.89652
0.0774126
0.833333
-17.4751
-99.2838
0.0
0.0
0.0
0.0
0.0
60.7366
-98.7191
-27.8971
-16.2304
35.255
-25.8411
0.833333
17.2028
-102.37
0.0
18.0179
-2.86304
0.250854
0.0
16.0169
-100.729
0.0
0.0
0.0
0.0
0.0
73.8164
-77.0627
-65.3709
5.68294
-5.00388
0.571407
0.833333
77.6477
-83.7658
-68.2848
0.0178545
-2.06783
0.199659
0.833333
62.9931
-96.6449
-30.0732
-4.72696
-1.48282
0.245061
0.833333
77.2826
-81.6916
-71.0046
4.0656
-5.26509
0.683546
0.833333
78.3727
-55.7693
-73.8006
1.87885
-2.75862
0.279678
0.833333
62.5939
-100.373
-32.1734
-1.77078
-2.21706
0.298499
0.833333
78.6991
-59.4974
-76.4273
3.87451
-3.61477
0.367451
0.833333
84.6713
-95.6099
-79.122
-7.07006
0.424183
-0.0665231
0.833333
48.892
-93.8243
-45.9868
13.6822
-0.376902
-0.0194875
-6.92325
65.6231
-94.5854
-110.655
83.0232
-19.7762
3.03961
-47.9742
67.7403
-100.13
-34.0548
-3.41973
1.16501
-0.105543
-6.20886
536.523
-99.3659
317.171
-911.679
94.4245
-10.1973
332.227
89.7573
-89.3041
-81.667
-10.6333
-0.672613
0.161209
0.833333
81.4259
-100.544
-84.2732
-2.98061
-0.531361
0.023612
0.833333
61.728
-85.6325
-36.1825
0.873042
-2.89731
0.364394
0.833333
90.1474
-92.109
-86.7459
-9.79373
-0.772169
0.155883
0.833333
90.613
-95.2861
-89.274
-10.4373
1.00492
-0.125548
0.833333
63.1318
-83.1473
-38.1053
-0.210947
-2.68377
0.355814
0.833333
91.6226
-92.801
-91.6819
-9.51885
-0.533014
0.0892607
0.833333
22.394
-88.5493
-13.49
21.4259
-1.34769
0.0879816
-10.1653
34.9561
-85.4472
-23.57
20.4886
-12.9882
-20.0
0.83333
45.7734
-84.4227
-37.06
29.3493
-115.507
-10.0
1.66667
17.5428
-3.77849
-5.10735
-2.24111
0.148883
0.0
-1.5
17.1482
0.0
-13.692
-0.230881
4.44362
-3.15898
-0.666667
69.6526
-1.39254
58.9128
-148.273
9.08324
-0.541041
70.3554
254.634
-1.84097
103.411
-420.567
64.0874
-12.4624
137.303
-23.805
-2.06876
0.0
0.0
0.0
0.0
-1.5
18.4877
0.0
-31.7222
11.3923
-9.92249
-2.0
-0.666667
11.8309
-10.3983
0.0
-3.83188
1.64358
-0.177785
-1.5
13.8995
-10.9656
-5.6227
0.0
0.0
0.0
-1.5
0.196838
-5.16034
0.0
0.0
0.0
0.0
-1.5
21.5339
0.0
-36.2504
0.0
0.0
-5.0
-0.666667
3.88571
-10.3585
0.0
0.0
0.0
0.0
-1.5
23.903
0.0
-39.7262
-0.210799
0.442879
-0.0797753
-0.666667
9.50848
-12.7643
0.0
-3.65925
0.714224
-0.00107508
-1.5
-8.79827
-12.7809
0.0
16.9229
-2.57325
0.208997
-1.5
1.98307
-9.22026
0.0
0.0
0.0
0.0
-1.5
-38.7055
-2.50605
0.0
0.0
0.0
0.0
-1.5
24.5058
0.0
-46.2525
5.58901
7.61843
-3.683
-0.666667
9.0594
-3.28029
0.0
-0.360588
1.4187
-0.184061
-1.5
-5.02585
-1.61219
0.0
0.0
0.0
0.0
-1.5
18.9075
0.0
-20.6428
1.52954
2.7487
-1.0
-0.666667
44.7724
0.0
-50.2042
-1.64239
-1.59995
0.184933
-0.666667
-50.5494
-12.8332
21.3721
37.7649
-4.10635
0.249618
-1.5
8.03977
-15.629
0.0
0.0
0.0
0.0
-1.5
86.0234
-0.387313
-26.8327
-116.137
0.00950567
0.00999755
-1.5
21.1065
0.0
-23.2205
0.0
0.0
-2.0
-0.666667
-13.6664
-1.90396
0.0
23.8634
-3.70135
0.28964
-1.5
47.2333
0.0
-56.5351
-0.896208
-1.72024
0.185409
-0.666667
47.9212
0.0
-59.4896
4.47205
-4.78989
0.557201
-0.666667
19.2596
0.0
-25.3278
6.4931
-9.27513
-0.610439
-0.666667
0.821556
-3.77704
0.0
8.09341
-0.615971
0.031159
-1.5
-2.66839
-2.25958
0.0
0.0
0.0
0.0
-1.5
50.451
0.0
-62.5433
-2.95026
-0.89652
0.0774126
-0.666667
48.901
0.0
-65.3709
5.68294
-5.00388
0.571407
-0.666667
35.6868
0.0
-27.8971
-16.2304
35.255
-25.8411
-0.666667
-7.84699
-3.65092
0.0
18.0179
-2.86304
0.250854
-1.5
-9.03294
-2.00996
0.0
0.0
0.0
0.0
-1.5
-42.5249
-0.564651
0.0
0.0
0.0
0.0
-1.5
52.718
0.0
-68.2848
0.0178545
-2.06783
0.199659
-0.666667
52.3486
0.0
-71.0046
4.0656
-5.26509
0.683546
-0.666667
37.939
0.0
-30.0732
-4.72696
-1.48282
0.245061
-0.666667
54.1202
0.0
-73.8006
1.87885
-2.75862
0.279678
-0.666667
53.75
0.0
-76.4273
3.87451
-3.61477
0.367451
-0.666667
36.8432
0.0
-32.1734
-1.77078
-2.21706
0.298499
-0.666667
59.0195
0.0
-79.122
-7.07006
0.424183
-0.0665231
-0.666667
64.7958
0.0
-81.667
-10.6333
-0.672613
0.161209
-0.666667
511.463
-5.29491
317.171
-911.679
94.4245
-10.1973
330.727
23.8315
0.246665
-45.9868
13.6822
-0.376902
-0.0194875
-8.42325
40.5626
-0.514414
-110.655
83.0232
-19.7762
3.03961
-49.4742
42.6798
-6.0593
-34.0548
-3.41973
1.16501
-0.105543
-7.70886
56.8618
0.0
-84.2732
-2.98061
-0.531361
0.023612
-0.666667
65.1754
0.0
-86.7459
-9.79373
-0.772169
0.155883
-0.666667
36.2596
0.0
-36.1825
0.873042
-2.89731
0.364394
-0.666667
65.9219
0.0
-89.274
-10.4373
1.00492
-0.125548
-0.666667
66.6417
0.0
-91.6819
-9.51885
-0.533014
0.0892607
-0.666667
37.3736
0.0
-38.1053
-0.210947
-2.68377
0.355814
-0.666667
60.9649
0.0
-84.165
-1.4191
-0.114619
-0.070307
-0.666667
61.2863
0.0
-84.165
-1.56627
-0.0736084
-0.072797
-0.666667
40.4644
0.0
-35.829
-0.530275
-0.982462
0.0808059
-0.666667
42.2324
-60.5523
-35.829
-0.530275
-0.982462
0.0808059
-0.666667
68.5253
0.205134
-119.242
13.3667
0.295425
-0.267288
-9.91729
48.5341
0.37204
-133.413
50.1572
-3.15987
0.0178251
-23.7027
85.2628
0.223453
-145.844
8.72612
-0.554035
-0.137562
-6.88807
97.2435
-0.268514
-119.324
-32.2497
1.46214
-0.200893
13.2148
49.7863
-1.84559
21.4461
-73.252
2.42329
-0.077278
40.7604
-6.37772
-29.8896
0.0
19.7297
-2.20987
0.153374
-1.5
0.227472
-29.4348
0.0
0.0
0.0
0.0
-1.5
19.1852
-27.5738
-20.0024
11.5988
-1.37398
-1.0
-0.666667
61.4748
-53.6267
-84.165
-1.56627
-0.0736084
-0.072797
-0.666667
-268.136
-38.7624
361.154
-92.643
-9.98738
0.892737
161.042
-308.905
-47.2175
514.197
-200.896
-6.42713
0.758256
236.359
50.6536
-22.049
21.4461
-73.252
2.42329
-0.077278
40.7604
18.9756
0.0
-20.0024
11.5988
-1.37398
-1.0
-0.666667
-6.58736
-2.31577
0.0
19.7297
-2.20987
0.153374
-1.5
0.0178295
-1.86103
0.0
0.0
0.0
0.0
-1.5
60.9438
-26.0184
-84.165
-1.4191
-0.114619
-0.070307
-0.666667
30.0397
-18.5791
-26.4162
0.0
0.0
-2.0
-0.666667
-26.2862
-19.5422
5.18642
-34.7936
168.225
-115.825
-1.5
-6.44575
-22.8216
0.0
18.0416
-1.54137
0.0847506
-1.5
49.5738
-78.202
-133.413
50.1572
-3.15987
0.0178251
-23.7027
-26.8683
-0.963012
5.18642
-34.7936
168.225
-115.825
-1.5
29.4576
0.0
-26.4162
0.0
0.0
-2.0
-0.666667
-7.02789
-4.2425
0.0
18.0416
-1.54137
0.0847506
-1.5
68.9829
-59.8017
-119.242
13.3667
0.295425
-0.267288
-9.91729
60.3424
-22.2348
-31.932
-77.0334
-43.6847
-4.28955
-0.666667
-13.4595
-24.112
0.0
0.0
0.0
0.0
-1.5
-11.4335
-25.6606
0.0
21.521
-1.90355
0.092724
-1.5
-307.762
-186.722
514.197
-200.896
-6.42713
0.758256
236.359
97.7904
-111.595
-119.324
-32.2497
1.46214
-0.200893
13.2148
-12.919
-1.87716
0.0
0.0
0.0
0.0
-1.5
60.8829
0.0
-31.932
-77.0334
-43.6847
-4.28955
-0.666667
-10.893
-3.42575
0.0
21.521
-1.90355
0.092724
-1.5
-266.452
-156.019
361.154
-92.643
-9.98738
0.892737
161.042
86.3501
-88.8797
-145.844
8.72612
-0.554035
-0.137562
-6.88807
-0.877602
-25.5914
0.0
0.0
0.0
0.0
-1.5
-57.395
-22.1894
0.0
25.5338
6.45824
-0.950294
-1.5
32.2544
-21.6564
-30.9147
-1.2345
22.5118
-33.0589
-0.666667
2.42563
-27.6662
0.0
5.33756
1.64418
-0.246167
-1.5
-57.5294
-0.532931
0.0
25.5338
6.45824
-0.950294
-1.5
32.12
0.0
-30.9147
-1.2345
22.5118
-33.0589
-0.666667
2.29121
-6.00976
0.0
5.33756
1.64418
-0.246167
-1.5
-1.01202
-3.93495
0.0
0.0
0.0
0.0
-1.5
20.6367
-14.9533
-30.0732
7.03263
-1.10085
0.133768
-0.666667
20.5166
0.0
-30.0732
7.03263
-1.10085
0.133768
-0.666667
35.6575
-40.8757
-32.1734
0.0296879
-0.95232
0.129022
-0.666667
34.8559
0.0
-32.1734
0.0296879
-0.95232
0.129022
-0.666667
-76.5154
-10.7931
0.0
70.2835
-7.99061
0.486213
-1.5
-76.6143
-6.02945
0.0
70.2835
-7.99061
0.486213
-1.5
59.2276
0.0
-86.7459
1.05653
-1.15757
0.0877546
-0.666667
58.7312
-6.47654
-86.7459
1.05653
-1.15757
0.0877546
-0.666667
62.2207
0.0
-91.6819
-0.329235
-0.780924
0.0425179
-0.666667
61.4434
-9.65363
-91.6819
-0.329235
-0.780924
0.0425179
-0.666667
-24.3505
-4.12656
-13.49
21.4259
-1.34769
0.0879816
-13.1653
-11.7884
-1.02446
-23.57
20.4886
-12.9882
-20.0
-2.16667
-0.971052
0.0
-37.06
29.3493
-115.507
-10.0
-1.33333
-12.8056
-30.1498
0.0
11.4826
1.82849
-0.34844
0.0
7.00613
0.0
0.0
2.66964
-0.448904
0.0326505
0.0
77.5491
-0.373641
-120.83
-7.72334
-2.27939
0.167655
7.62001
7.56582
0.0
0.0
1.71463
-0.221804
0.00880104
0.0
-132.213
-1.46479
-293.089
414.404
-28.0562
1.61807
-178.28
9.14054
0.0
0.0
0.559804
-0.0233808
-0.00121313
0.0
1
2
3
5
7
10
13
16
19
23
24
27
29
30
33
34
35
39
40
41
42
43
44
45
46
47
51
52
53
54
55
56
57
58
61
63
65
68
71
74
78
81
82
84
87
88
89
92
93
94
98
99
100
101
102
103
104
105
106
110
111
112
113
114
115
116
117
118
119
120
121
122
123
124
125
128
129
130
131
132
135
136
139
140
143
144
147
148
149
152
153
154
158
162
163
164
165
166
167
168
169
170
171
172
175
176
177
178
179
180
0
0
1
1
2
2
2
2
3
0
2
1
0
2
0
0
3
0
0
0
0
0
0
0
0
3
0
0
0
0
0
0
0
2
1
1
2
2
2
3
2
0
1
2
0
0
2
0
0
3
0
0
0
0
0
0
0
0
3
0
0
0
0
0
0
0
0
0
0
0
0
0
0
0
2
0
0
0
0
2
0
2
0
2
0
2
0
0
2
0
0
3
3
0
0
0
0
0
0
0
0
0
0
2
0
0
0
0
0
0
