BI4TLDPO369ADE4N989QC8MEDQNETFID
-6.7601
0.0
0.0
0.0
0.0
0.0
0.0
-4.62354
0.0
0.0
0.0
0.0
0.0
0.0
-5.17053
0.0
0.0
0.0
0.0
0.0
0.0
-4.53318
0.0
0.0
0.0
0.0
0.0
0.0
17.5428
-3.77849
-5.10735
-2.24111
0.148883
0.0
-1.5
17.1482
0.0
-13.692
-0.230881
4.44362
-3.15898
-0.666667
69.6526
-1.39254
58.9128
-148.273
9.08324
-0.541041
70.3554
254.634
-1.84097
103.411
-420.567
64.0874
-12.4624
137.303
18.5155
0.0
-13.72
-0.450018
3.70823
-1.70545
-0.666667
13.9637
-5.78147
0.0
-0.196703
0.142126
-0.0238912
-1.5
15.1825
-13.5543
0.0
0.0
0.0
0.0
-1.5
18.1356
0.0
-15.1676
0.0955166
3.0659
-0.507339
-0.666667
10.9971
-6.12602
1.57122
0.0
0.0
0.0
-1.5
6.73578
-4.891
0.0
0.0
0.0
0.0
0.0682
7.65444
-2.998
0.0
0.0
0.0
0.0
-1.5
20.1169
0.0
-15.193
-4.63975
9.73458
-9.55051
0.333333
17.01
0.0
-15.193
-0.161954
-7.52123
-0.987565
-0.666667
13.8995
-10.9656
-5.6227
0.0
0.0
0.0
-1.5
0.196838
-5.16034
0.0
0.0
0.0
0.0
-1.5
21.5339
0.0
-36.2504
0.0
0.0
-5.0
-0.666667
14.5444
-10.2295
0.0
0.0
0.0459037
0.0
-1.5
6.59056
-2.92315
0.0
0.0
0.0
0.0
-1.5
20.0176
0.0
-15.24
0.334926
4.59088
-4.78468
-0.666667
19.0904
0.0
-16.696
-1.16252
0.267703
-0.0338411
-0.666667
15.8929
0.0
-16.4035
4.31885
-0.709921
-2.0
-0.666667
9.39048
-6.22828
0.0
2.31435
-0.302835
0.020133
-1.5
-13.077
-0.746296
0.0
0.0
0.0
0.0
-1.5
40.4644
0.0
-35.829
-0.530275
-0.982462
0.0808059
-0.666667
20.8972
-7.406
0.0
0.0
0.0
0.0
-1.5
-4.87347
-2.02117
0.0
30.8497
-8.50433
-1.54426
-1.5
27.4764
0.0
-15.253
1.59318
2.4479
-2.19708
-0.666667
-6.57522
-1.1638
0.0
22.7105
-2.90707
0.205754
-1.5
40.8358
0.0
-39.388
-17.4673
35.3029
-24.8162
-0.666667
16.3087
-22.51
0.0
0.0
0.0
0.0
-1.5
11.1184
-13.6
0.0
0.0
0.0
0.0
-1.5
-106.091
-0.453036
0.0
0.0
0.0
0.0
-1.5
12.1289
-12.0223
0.0
0.0
0.0
0.0
-1.5
18.6518
-26.0
0.0
0.0
0.0
0.0
-1.5
10.174
-4.95865
0.0
5.10182
0.379373
-0.0672515
-1.5
5.5336
-2.11477
0.0
0.0
0.0
0.0
-1.5
-7.20763
-0.753395
0.0
0.0
0.0
0.0
-1.5
19.579
0.0
-16.9078
0.0
0.0
-2.0
-0.666667
-31.7388
-0.376432
0.0
61.738
-108.29
-34.2365
-1.5
62.0058
0.0
-21.4023
-80.8891
134.6
-126.504
-0.666667
1.75704
-3.01675
0.0
13.3223
-1.36696
0.0757363
-1.5
-24.3505
-4.12656
-13.49
21.4259
-1.34769
0.0879816
-13.1653
-11.7884
-1.02446
-23.57
20.4886
-12.9882
-20.0
-2.16667
-0.971052
0.0
-37.06
29.3493
-115.507
-10.0
-1.33333
1
2
3
4
5
7
9
12
14
18
21
24
25
28
29
33
39
43
46
0
0
0
0
1
1
2
1
3
2
2
0
2
0
3
5
3
2
2
