AW9W99Z45J7OLLKYSELR8HZNG6PHELAI
-2.43505000000000d+01
-4.12656000000000d+00
-1.34900000000000d+01
2.14259000000000d+01
-1.34769000000000d+00
8.79816000000000d-02
-1.31653000000000d+01
-1.17884000000000d+01
-1.02446000000000d+00
-2.35700000000000d+01
2.04886000000000d+01
-1.29882000000000d+01
-2.00000000000000d+01
-2.16667000000000d+00
-9.71052000000000d-01
0.00000000000000d+00
-3.70600000000000d+01
2.93493000000000d+01
-1.15507000000000d+02
-1.00000000000000d+01
-1.33333000000000d+00
6.96526000000000d+01
-1.39254000000000d+00
5.89128000000000d+01
-1.48273000000000d+02
9.08324000000000d+00
-5.41041000000000d-01
7.03554000000000d+01
2.54634000000000d+02
-1.84097000000000d+00
1.03411000000000d+02
-4.20567000000000d+02
6.40874000000000d+01
-1.24624000000000d+01
1.37303000000000d+02
1
4
2
1
