# p
5.07614213197970d-03 5.07614213197970d-03 5.07614213197970d-03 5.07614213197970d-03 5.07614213197970d-03 5.07614213197970d-03 5.07614213197970d-03 5.07614213197970d-03 5.07614213197970d-03 5.07614213197970d-03 5.07614213197970d-03 5.07614213197970d-03 5.07614213197970d-03 5.07614213197970d-03 5.07614213197970d-03 5.07614213197970d-03
#
# d
5.07614213197970d-03 5.07614213197970d-03 5.07614213197970d-03 5.07614213197970d-03 5.07614213197970d-03 5.07614213197970d-03 5.07614213197970d-03 5.07614213197970d-03 5.07614213197970d-03 5.07614213197970d-03 5.07614213197970d-03 5.07614213197970d-03 5.07614213197970d-03 5.07614213197970d-03 5.07614213197970d-03 5.07614213197970d-03
#
# he3
5.07614213197970d-03 5.07614213197970d-03 5.07614213197970d-03 5.07614213197970d-03 5.07614213197970d-03 5.07614213197970d-03 5.07614213197970d-03 5.07614213197970d-03 5.07614213197970d-03 5.07614213197970d-03 5.07614213197970d-03 5.07614213197970d-03 5.07614213197970d-03 5.07614213197970d-03 5.07614213197970d-03 5.07614213197970d-03
#
# he4
5.07614213197970d-03 5.07614213197970d-03 5.07614213197970d-03 5.07614213197970d-03 5.07614213197970d-03 5.07614213197970d-03 5.07614213197970d-03 5.07614213197970d-03 5.07614213197970d-03 5.07614213197970d-03 5.07614213197970d-03 5.07614213197970d-03 5.07614213197970d-03 5.07614213197970d-03 5.07614213197970d-03 5.07614213197970d-03
#
# li7
5.07614213197970d-03 5.07614213197970d-03 5.07614213197970d-03 5.07614213197970d-03 5.07614213197970d-03 5.07614213197970d-03 5.07614213197970d-03 5.07614213197970d-03 5.07614213197970d-03 5.07614213197970d-03 5.07614213197970d-03 5.07614213197970d-03 5.07614213197970d-03 5.07614213197970d-03 5.07614213197970d-03 5.07614213197970d-03
#
# be7
5.07614213197970d-03 5.07614213197970d-03 5.07614213197970d-03 5.07614213197970d-03 5.07614213197970d-03 5.07614213197970d-03 5.07614213197970d-03 5.07614213197970d-03 5.07614213197970d-03 5.07614213197970d-03 5.07614213197970d-03 5.07614213197970d-03 5.07614213197970d-03 5.07614213197970d-03 5.07614213197970d-03 5.07614213197970d-03
#
# be8
5.07614213197970d-03 5.07614213197970d-03 5.07614213197970d-03 5.07614213197970d-03 5.07614213197970d-03 5.07614213197970d-03 5.07614213197970d-03 5.07614213197970d-03 5.07614213197970d-03 5.07614213197970d-03 5.07614213197970d-03 5.07614213197970d-03 5.07614213197970d-03 5.07614213197970d-03 5.07614213197970d-03 5.07614213197970d-03
#
# b8
5.07614213197970d-03 5.07614213197970d-03 5.07614213197970d-03 5.07614213197970d-03 5.07614213197970d-03 5.07614213197970d-03 5.07614213197970d-03 5.07614213197970d-03 5.07614213197970d-03 5.07614213197970d-03 5.07614213197970d-03 5.07614213197970d-03 5.07614213197970d-03 5.07614213197970d-03 5.07614213197970d-03 5.07614213197970d-03
#
# c12
5.07614213197970d-03 5.07614213197970d-03 5.07614213197970d-03 5.07614213197970d-03 5.07614213197970d-03 5.07614213197970d-03 5.07614213197970d-03 5.07614213197970d-03 5.07614213197970d-03 5.07614213197970d-03 5.07614213197970d-03 5.07614213197970d-03 5.07614213197970d-03 5.07614213197970d-03 5.07614213197970d-03 5.07614213197970d-03
#
# c13
5.07614213197970d-03 5.07614213197970d-03 5.07614213197970d-03 5.07614213197970d-03 5.07614213197970d-03 5.07614213197970d-03 5.07614213197970d-03 5.07614213197970d-03 5.07614213197970d-03 5.07614213197970d-03 5.07614213197970d-03 5.07614213197970d-03 5.07614213197970d-03 5.07614213197970d-03 5.07614213197970d-03 5.07614213197970d-03
#
# n12
5.07614213197970d-03 5.07614213197970d-03 5.07614213197970d-03 5.07614213197970d-03 5.07614213197970d-03 5.07614213197970d-03 5.07614213197970d-03 5.07614213197970d-03 5.07614213197970d-03 5.07614213197970d-03 5.07614213197970d-03 5.07614213197970d-03 5.07614213197970d-03 5.07614213197970d-03 5.07614213197970d-03 5.07614213197970d-03
#
# n13
5.07614213197970d-03 5.07614213197970d-03 5.07614213197970d-03 5.07614213197970d-03 5.07614213197970d-03 5.07614213197970d-03 5.07614213197970d-03 5.07614213197970d-03 5.07614213197970d-03 5.07614213197970d-03 5.07614213197970d-03 5.07614213197970d-03 5.07614213197970d-03 5.07614213197970d-03 5.07614213197970d-03 5.07614213197970d-03
#
# n14
5.07614213197970d-03 5.07614213197970d-03 5.07614213197970d-03 5.07614213197970d-03 5.07614213197970d-03 5.07614213197970d-03 5.07614213197970d-03 5.07614213197970d-03 5.07614213197970d-03 5.07614213197970d-03 5.07614213197970d-03 5.07614213197970d-03 5.07614213197970d-03 5.07614213197970d-03 5.07614213197970d-03 5.07614213197970d-03
#
# n15
5.07614213197970d-03 5.07614213197970d-03 5.07614213197970d-03 5.07614213197970d-03 5.07614213197970d-03 5.07614213197970d-03 5.07614213197970d-03 5.07614213197970d-03 5.07614213197970d-03 5.07614213197970d-03 5.07614213197970d-03 5.07614213197970d-03 5.07614213197970d-03 5.07614213197970d-03 5.07614213197970d-03 5.07614213197970d-03
#
# o14
5.07614213197970d-03 5.07614213197970d-03 5.07614213197970d-03 5.07614213197970d-03 5.07614213197970d-03 5.07614213197970d-03 5.07614213197970d-03 5.07614213197970d-03 5.07614213197970d-03 5.07614213197970d-03 5.07614213197970d-03 5.07614213197970d-03 5.07614213197970d-03 5.07614213197970d-03 5.07614213197970d-03 5.07614213197970d-03
#
# o15
5.07614213197970d-03 5.07614213197970d-03 5.07614213197970d-03 5.07614213197970d-03 5.07614213197970d-03 5.07614213197970d-03 5.07614213197970d-03 5.07614213197970d-03 5.07614213197970d-03 5.07614213197970d-03 5.07614213197970d-03 5.07614213197970d-03 5.07614213197970d-03 5.07614213197970d-03 5.07614213197970d-03 5.07614213197970d-03
#
# o16
5.07614213197970d-03 5.07614213197970d-03 5.07614213197970d-03 5.07614213197970d-03 5.07614213197970d-03 5.07614213197970d-03 5.07614213197970d-03 5.07614213197970d-03 5.07614213197970d-03 5.07614213197970d-03 5.07614213197970d-03 5.07614213197970d-03 5.07614213197970d-03 5.07614213197970d-03 5.07614213197970d-03 5.07614213197970d-03
#
# o17
5.07614213197970d-03 5.07614213197970d-03 5.07614213197970d-03 5.07614213197970d-03 5.07614213197970d-03 5.07614213197970d-03 5.07614213197970d-03 5.07614213197970d-03 5.07614213197970d-03 5.07614213197970d-03 5.07614213197970d-03 5.07614213197970d-03 5.07614213197970d-03 5.07614213197970d-03 5.07614213197970d-03 5.07614213197970d-03
#
# o18
5.07614213197970d-03 5.07614213197970d-03 5.07614213197970d-03 5.07614213197970d-03 5.07614213197970d-03 5.07614213197970d-03 5.07614213197970d-03 5.07614213197970d-03 5.07614213197970d-03 5.07614213197970d-03 5.07614213197970d-03 5.07614213197970d-03 5.07614213197970d-03 5.07614213197970d-03 5.07614213197970d-03 5.07614213197970d-03
#
# f16
5.07614213197970d-03 5.07614213197970d-03 5.07614213197970d-03 5.07614213197970d-03 5.07614213197970d-03 5.07614213197970d-03 5.07614213197970d-03 5.07614213197970d-03 5.07614213197970d-03 5.07614213197970d-03 5.07614213197970d-03 5.07614213197970d-03 5.07614213197970d-03 5.07614213197970d-03 5.07614213197970d-03 5.07614213197970d-03
#
# f17
5.07614213197970d-03 5.07614213197970d-03 5.07614213197970d-03 5.07614213197970d-03 5.07614213197970d-03 5.07614213197970d-03 5.07614213197970d-03 5.07614213197970d-03 5.07614213197970d-03 5.07614213197970d-03 5.07614213197970d-03 5.07614213197970d-03 5.07614213197970d-03 5.07614213197970d-03 5.07614213197970d-03 5.07614213197970d-03
#
# f18
5.07614213197970d-03 5.07614213197970d-03 5.07614213197970d-03 5.07614213197970d-03 5.07614213197970d-03 5.07614213197970d-03 5.07614213197970d-03 5.07614213197970d-03 5.07614213197970d-03 5.07614213197970d-03 5.07614213197970d-03 5.07614213197970d-03 5.07614213197970d-03 5.07614213197970d-03 5.07614213197970d-03 5.07614213197970d-03
#
# f19
5.07614213197970d-03 5.07614213197970d-03 5.07614213197970d-03 5.07614213197970d-03 5.07614213197970d-03 5.07614213197970d-03 5.07614213197970d-03 5.07614213197970d-03 5.07614213197970d-03 5.07614213197970d-03 5.07614213197970d-03 5.07614213197970d-03 5.07614213197970d-03 5.07614213197970d-03 5.07614213197970d-03 5.07614213197970d-03
#
# f20
5.07614213197970d-03 5.07614213197970d-03 5.07614213197970d-03 5.07614213197970d-03 5.07614213197970d-03 5.07614213197970d-03 5.07614213197970d-03 5.07614213197970d-03 5.07614213197970d-03 5.07614213197970d-03 5.07614213197970d-03 5.07614213197970d-03 5.07614213197970d-03 5.07614213197970d-03 5.07614213197970d-03 5.07614213197970d-03
#
# ne17
5.07614213197970d-03 5.07614213197970d-03 5.07614213197970d-03 5.07614213197970d-03 5.07614213197970d-03 5.07614213197970d-03 5.07614213197970d-03 5.07614213197970d-03 5.07614213197970d-03 5.07614213197970d-03 5.07614213197970d-03 5.07614213197970d-03 5.07614213197970d-03 5.07614213197970d-03 5.07614213197970d-03 5.07614213197970d-03
#
# ne18
5.07614213197970d-03 5.07614213197970d-03 5.07614213197970d-03 5.07614213197970d-03 5.07614213197970d-03 5.07614213197970d-03 5.07614213197970d-03 5.07614213197970d-03 5.07614213197970d-03 5.07614213197970d-03 5.07614213197970d-03 5.07614213197970d-03 5.07614213197970d-03 5.07614213197970d-03 5.07614213197970d-03 5.07614213197970d-03
#
# ne19
5.07614213197970d-03 5.07614213197970d-03 5.07614213197970d-03 5.07614213197970d-03 5.07614213197970d-03 5.07614213197970d-03 5.07614213197970d-03 5.07614213197970d-03 5.07614213197970d-03 5.07614213197970d-03 5.07614213197970d-03 5.07614213197970d-03 5.07614213197970d-03 5.07614213197970d-03 5.07614213197970d-03 5.07614213197970d-03
#
# ne20
5.07614213197970d-03 5.07614213197970d-03 5.07614213197970d-03 5.07614213197970d-03 5.07614213197970d-03 5.07614213197970d-03 5.07614213197970d-03 5.07614213197970d-03 5.07614213197970d-03 5.07614213197970d-03 5.07614213197970d-03 5.07614213197970d-03 5.07614213197970d-03 5.07614213197970d-03 5.07614213197970d-03 5.07614213197970d-03
#
# ne21
5.07614213197970d-03 5.07614213197970d-03 5.07614213197970d-03 5.07614213197970d-03 5.07614213197970d-03 5.07614213197970d-03 5.07614213197970d-03 5.07614213197970d-03 5.07614213197970d-03 5.07614213197970d-03 5.07614213197970d-03 5.07614213197970d-03 5.07614213197970d-03 5.07614213197970d-03 5.07614213197970d-03 5.07614213197970d-03
#
# ne22
5.07614213197970d-03 5.07614213197970d-03 5.07614213197970d-03 5.07614213197970d-03 5.07614213197970d-03 5.07614213197970d-03 5.07614213197970d-03 5.07614213197970d-03 5.07614213197970d-03 5.07614213197970d-03 5.07614213197970d-03 5.07614213197970d-03 5.07614213197970d-03 5.07614213197970d-03 5.07614213197970d-03 5.07614213197970d-03
#
# na19
5.07614213197970d-03 5.07614213197970d-03 5.07614213197970d-03 5.07614213197970d-03 5.07614213197970d-03 5.07614213197970d-03 5.07614213197970d-03 5.07614213197970d-03 5.07614213197970d-03 5.07614213197970d-03 5.07614213197970d-03 5.07614213197970d-03 5.07614213197970d-03 5.07614213197970d-03 5.07614213197970d-03 5.07614213197970d-03
#
# na20
5.07614213197970d-03 5.07614213197970d-03 5.07614213197970d-03 5.07614213197970d-03 5.07614213197970d-03 5.07614213197970d-03 5.07614213197970d-03 5.07614213197970d-03 5.07614213197970d-03 5.07614213197970d-03 5.07614213197970d-03 5.07614213197970d-03 5.07614213197970d-03 5.07614213197970d-03 5.07614213197970d-03 5.07614213197970d-03
#
# na21
5.07614213197970d-03 5.07614213197970d-03 5.07614213197970d-03 5.07614213197970d-03 5.07614213197970d-03 5.07614213197970d-03 5.07614213197970d-03 5.07614213197970d-03 5.07614213197970d-03 5.07614213197970d-03 5.07614213197970d-03 5.07614213197970d-03 5.07614213197970d-03 5.07614213197970d-03 5.07614213197970d-03 5.07614213197970d-03
#
# na22
5.07614213197970d-03 5.07614213197970d-03 5.07614213197970d-03 5.07614213197970d-03 5.07614213197970d-03 5.07614213197970d-03 5.07614213197970d-03 5.07614213197970d-03 5.07614213197970d-03 5.07614213197970d-03 5.07614213197970d-03 5.07614213197970d-03 5.07614213197970d-03 5.07614213197970d-03 5.07614213197970d-03 5.07614213197970d-03
#
# na23
5.07614213197970d-03 5.07614213197970d-03 5.07614213197970d-03 5.07614213197970d-03 5.07614213197970d-03 5.07614213197970d-03 5.07614213197970d-03 5.07614213197970d-03 5.07614213197970d-03 5.07614213197970d-03 5.07614213197970d-03 5.07614213197970d-03 5.07614213197970d-03 5.07614213197970d-03 5.07614213197970d-03 5.07614213197970d-03
#
# na24
5.07614213197970d-03 5.07614213197970d-03 5.07614213197970d-03 5.07614213197970d-03 5.07614213197970d-03 5.07614213197970d-03 5.07614213197970d-03 5.07614213197970d-03 5.07614213197970d-03 5.07614213197970d-03 5.07614213197970d-03 5.07614213197970d-03 5.07614213197970d-03 5.07614213197970d-03 5.07614213197970d-03 5.07614213197970d-03
#
# mg21
5.07614213197970d-03 5.07614213197970d-03 5.07614213197970d-03 5.07614213197970d-03 5.07614213197970d-03 5.07614213197970d-03 5.07614213197970d-03 5.07614213197970d-03 5.07614213197970d-03 5.07614213197970d-03 5.07614213197970d-03 5.07614213197970d-03 5.07614213197970d-03 5.07614213197970d-03 5.07614213197970d-03 5.07614213197970d-03
#
# mg22
5.07614213197970d-03 5.07614213197970d-03 5.07614213197970d-03 5.07614213197970d-03 5.07614213197970d-03 5.07614213197970d-03 5.07614213197970d-03 5.07614213197970d-03 5.07614213197970d-03 5.07614213197970d-03 5.07614213197970d-03 5.07614213197970d-03 5.07614213197970d-03 5.07614213197970d-03 5.07614213197970d-03 5.07614213197970d-03
#
# mg23
5.07614213197970d-03 5.07614213197970d-03 5.07614213197970d-03 5.07614213197970d-03 5.07614213197970d-03 5.07614213197970d-03 5.07614213197970d-03 5.07614213197970d-03 5.07614213197970d-03 5.07614213197970d-03 5.07614213197970d-03 5.07614213197970d-03 5.07614213197970d-03 5.07614213197970d-03 5.07614213197970d-03 5.07614213197970d-03
#
# mg24
5.07614213197970d-03 5.07614213197970d-03 5.07614213197970d-03 5.07614213197970d-03 5.07614213197970d-03 5.07614213197970d-03 5.07614213197970d-03 5.07614213197970d-03 5.07614213197970d-03 5.07614213197970d-03 5.07614213197970d-03 5.07614213197970d-03 5.07614213197970d-03 5.07614213197970d-03 5.07614213197970d-03 5.07614213197970d-03
#
# mg25
5.07614213197970d-03 5.07614213197970d-03 5.07614213197970d-03 5.07614213197970d-03 5.07614213197970d-03 5.07614213197970d-03 5.07614213197970d-03 5.07614213197970d-03 5.07614213197970d-03 5.07614213197970d-03 5.07614213197970d-03 5.07614213197970d-03 5.07614213197970d-03 5.07614213197970d-03 5.07614213197970d-03 5.07614213197970d-03
#
# mg26
5.07614213197970d-03 5.07614213197970d-03 5.07614213197970d-03 5.07614213197970d-03 5.07614213197970d-03 5.07614213197970d-03 5.07614213197970d-03 5.07614213197970d-03 5.07614213197970d-03 5.07614213197970d-03 5.07614213197970d-03 5.07614213197970d-03 5.07614213197970d-03 5.07614213197970d-03 5.07614213197970d-03 5.07614213197970d-03
#
# al22
5.07614213197970d-03 5.07614213197970d-03 5.07614213197970d-03 5.07614213197970d-03 5.07614213197970d-03 5.07614213197970d-03 5.07614213197970d-03 5.07614213197970d-03 5.07614213197970d-03 5.07614213197970d-03 5.07614213197970d-03 5.07614213197970d-03 5.07614213197970d-03 5.07614213197970d-03 5.07614213197970d-03 5.07614213197970d-03
#
# al23
5.07614213197970d-03 5.07614213197970d-03 5.07614213197970d-03 5.07614213197970d-03 5.07614213197970d-03 5.07614213197970d-03 5.07614213197970d-03 5.07614213197970d-03 5.07614213197970d-03 5.07614213197970d-03 5.07614213197970d-03 5.07614213197970d-03 5.07614213197970d-03 5.07614213197970d-03 5.07614213197970d-03 5.07614213197970d-03
#
# al24
5.07614213197970d-03 5.07614213197970d-03 5.07614213197970d-03 5.07614213197970d-03 5.07614213197970d-03 5.07614213197970d-03 5.07614213197970d-03 5.07614213197970d-03 5.07614213197970d-03 5.07614213197970d-03 5.07614213197970d-03 5.07614213197970d-03 5.07614213197970d-03 5.07614213197970d-03 5.07614213197970d-03 5.07614213197970d-03
#
# al25
5.07614213197970d-03 5.07614213197970d-03 5.07614213197970d-03 5.07614213197970d-03 5.07614213197970d-03 5.07614213197970d-03 5.07614213197970d-03 5.07614213197970d-03 5.07614213197970d-03 5.07614213197970d-03 5.07614213197970d-03 5.07614213197970d-03 5.07614213197970d-03 5.07614213197970d-03 5.07614213197970d-03 5.07614213197970d-03
#
# al26
5.07614213197970d-03 5.07614213197970d-03 5.07614213197970d-03 5.07614213197970d-03 5.07614213197970d-03 5.07614213197970d-03 5.07614213197970d-03 5.07614213197970d-03 5.07614213197970d-03 5.07614213197970d-03 5.07614213197970d-03 5.07614213197970d-03 5.07614213197970d-03 5.07614213197970d-03 5.07614213197970d-03 5.07614213197970d-03
#
# al27
5.07614213197970d-03 5.07614213197970d-03 5.07614213197970d-03 5.07614213197970d-03 5.07614213197970d-03 5.07614213197970d-03 5.07614213197970d-03 5.07614213197970d-03 5.07614213197970d-03 5.07614213197970d-03 5.07614213197970d-03 5.07614213197970d-03 5.07614213197970d-03 5.07614213197970d-03 5.07614213197970d-03 5.07614213197970d-03
#
# al28
5.07614213197970d-03 5.07614213197970d-03 5.07614213197970d-03 5.07614213197970d-03 5.07614213197970d-03 5.07614213197970d-03 5.07614213197970d-03 5.07614213197970d-03 5.07614213197970d-03 5.07614213197970d-03 5.07614213197970d-03 5.07614213197970d-03 5.07614213197970d-03 5.07614213197970d-03 5.07614213197970d-03 5.07614213197970d-03
#
# si24
5.07614213197970d-03 5.07614213197970d-03 5.07614213197970d-03 5.07614213197970d-03 5.07614213197970d-03 5.07614213197970d-03 5.07614213197970d-03 5.07614213197970d-03 5.07614213197970d-03 5.07614213197970d-03 5.07614213197970d-03 5.07614213197970d-03 5.07614213197970d-03 5.07614213197970d-03 5.07614213197970d-03 5.07614213197970d-03
#
# si25
5.07614213197970d-03 5.07614213197970d-03 5.07614213197970d-03 5.07614213197970d-03 5.07614213197970d-03 5.07614213197970d-03 5.07614213197970d-03 5.07614213197970d-03 5.07614213197970d-03 5.07614213197970d-03 5.07614213197970d-03 5.07614213197970d-03 5.07614213197970d-03 5.07614213197970d-03 5.07614213197970d-03 5.07614213197970d-03
#
# si26
5.07614213197970d-03 5.07614213197970d-03 5.07614213197970d-03 5.07614213197970d-03 5.07614213197970d-03 5.07614213197970d-03 5.07614213197970d-03 5.07614213197970d-03 5.07614213197970d-03 5.07614213197970d-03 5.07614213197970d-03 5.07614213197970d-03 5.07614213197970d-03 5.07614213197970d-03 5.07614213197970d-03 5.07614213197970d-03
#
# si27
5.07614213197970d-03 5.07614213197970d-03 5.07614213197970d-03 5.07614213197970d-03 5.07614213197970d-03 5.07614213197970d-03 5.07614213197970d-03 5.07614213197970d-03 5.07614213197970d-03 5.07614213197970d-03 5.07614213197970d-03 5.07614213197970d-03 5.07614213197970d-03 5.07614213197970d-03 5.07614213197970d-03 5.07614213197970d-03
#
# si28
5.07614213197970d-03 5.07614213197970d-03 5.07614213197970d-03 5.07614213197970d-03 5.07614213197970d-03 5.07614213197970d-03 5.07614213197970d-03 5.07614213197970d-03 5.07614213197970d-03 5.07614213197970d-03 5.07614213197970d-03 5.07614213197970d-03 5.07614213197970d-03 5.07614213197970d-03 5.07614213197970d-03 5.07614213197970d-03
#
# si29
5.07614213197970d-03 5.07614213197970d-03 5.07614213197970d-03 5.07614213197970d-03 5.07614213197970d-03 5.07614213197970d-03 5.07614213197970d-03 5.07614213197970d-03 5.07614213197970d-03 5.07614213197970d-03 5.07614213197970d-03 5.07614213197970d-03 5.07614213197970d-03 5.07614213197970d-03 5.07614213197970d-03 5.07614213197970d-03
#
# si30
5.07614213197970d-03 5.07614213197970d-03 5.07614213197970d-03 5.07614213197970d-03 5.07614213197970d-03 5.07614213197970d-03 5.07614213197970d-03 5.07614213197970d-03 5.07614213197970d-03 5.07614213197970d-03 5.07614213197970d-03 5.07614213197970d-03 5.07614213197970d-03 5.07614213197970d-03 5.07614213197970d-03 5.07614213197970d-03
#
# p26
5.07614213197970d-03 5.07614213197970d-03 5.07614213197970d-03 5.07614213197970d-03 5.07614213197970d-03 5.07614213197970d-03 5.07614213197970d-03 5.07614213197970d-03 5.07614213197970d-03 5.07614213197970d-03 5.07614213197970d-03 5.07614213197970d-03 5.07614213197970d-03 5.07614213197970d-03 5.07614213197970d-03 5.07614213197970d-03
#
# p27
5.07614213197970d-03 5.07614213197970d-03 5.07614213197970d-03 5.07614213197970d-03 5.07614213197970d-03 5.07614213197970d-03 5.07614213197970d-03 5.07614213197970d-03 5.07614213197970d-03 5.07614213197970d-03 5.07614213197970d-03 5.07614213197970d-03 5.07614213197970d-03 5.07614213197970d-03 5.07614213197970d-03 5.07614213197970d-03
#
# p28
5.07614213197970d-03 5.07614213197970d-03 5.07614213197970d-03 5.07614213197970d-03 5.07614213197970d-03 5.07614213197970d-03 5.07614213197970d-03 5.07614213197970d-03 5.07614213197970d-03 5.07614213197970d-03 5.07614213197970d-03 5.07614213197970d-03 5.07614213197970d-03 5.07614213197970d-03 5.07614213197970d-03 5.07614213197970d-03
#
# p29
5.07614213197970d-03 5.07614213197970d-03 5.07614213197970d-03 5.07614213197970d-03 5.07614213197970d-03 5.07614213197970d-03 5.07614213197970d-03 5.07614213197970d-03 5.07614213197970d-03 5.07614213197970d-03 5.07614213197970d-03 5.07614213197970d-03 5.07614213197970d-03 5.07614213197970d-03 5.07614213197970d-03 5.07614213197970d-03
#
# p30
5.07614213197970d-03 5.07614213197970d-03 5.07614213197970d-03 5.07614213197970d-03 5.07614213197970d-03 5.07614213197970d-03 5.07614213197970d-03 5.07614213197970d-03 5.07614213197970d-03 5.07614213197970d-03 5.07614213197970d-03 5.07614213197970d-03 5.07614213197970d-03 5.07614213197970d-03 5.07614213197970d-03 5.07614213197970d-03
#
# p31
5.07614213197970d-03 5.07614213197970d-03 5.07614213197970d-03 5.07614213197970d-03 5.07614213197970d-03 5.07614213197970d-03 5.07614213197970d-03 5.07614213197970d-03 5.07614213197970d-03 5.07614213197970d-03 5.07614213197970d-03 5.07614213197970d-03 5.07614213197970d-03 5.07614213197970d-03 5.07614213197970d-03 5.07614213197970d-03
#
# p32
5.07614213197970d-03 5.07614213197970d-03 5.07614213197970d-03 5.07614213197970d-03 5.07614213197970d-03 5.07614213197970d-03 5.07614213197970d-03 5.07614213197970d-03 5.07614213197970d-03 5.07614213197970d-03 5.07614213197970d-03 5.07614213197970d-03 5.07614213197970d-03 5.07614213197970d-03 5.07614213197970d-03 5.07614213197970d-03
#
# p33
5.07614213197970d-03 5.07614213197970d-03 5.07614213197970d-03 5.07614213197970d-03 5.07614213197970d-03 5.07614213197970d-03 5.07614213197970d-03 5.07614213197970d-03 5.07614213197970d-03 5.07614213197970d-03 5.07614213197970d-03 5.07614213197970d-03 5.07614213197970d-03 5.07614213197970d-03 5.07614213197970d-03 5.07614213197970d-03
#
# s28
5.07614213197970d-03 5.07614213197970d-03 5.07614213197970d-03 5.07614213197970d-03 5.07614213197970d-03 5.07614213197970d-03 5.07614213197970d-03 5.07614213197970d-03 5.07614213197970d-03 5.07614213197970d-03 5.07614213197970d-03 5.07614213197970d-03 5.07614213197970d-03 5.07614213197970d-03 5.07614213197970d-03 5.07614213197970d-03
#
# s29
5.07614213197970d-03 5.07614213197970d-03 5.07614213197970d-03 5.07614213197970d-03 5.07614213197970d-03 5.07614213197970d-03 5.07614213197970d-03 5.07614213197970d-03 5.07614213197970d-03 5.07614213197970d-03 5.07614213197970d-03 5.07614213197970d-03 5.07614213197970d-03 5.07614213197970d-03 5.07614213197970d-03 5.07614213197970d-03
#
# s30
5.07614213197970d-03 5.07614213197970d-03 5.07614213197970d-03 5.07614213197970d-03 5.07614213197970d-03 5.07614213197970d-03 5.07614213197970d-03 5.07614213197970d-03 5.07614213197970d-03 5.07614213197970d-03 5.07614213197970d-03 5.07614213197970d-03 5.07614213197970d-03 5.07614213197970d-03 5.07614213197970d-03 5.07614213197970d-03
#
# s31
5.07614213197970d-03 5.07614213197970d-03 5.07614213197970d-03 5.07614213197970d-03 5.07614213197970d-03 5.07614213197970d-03 5.07614213197970d-03 5.07614213197970d-03 5.07614213197970d-03 5.07614213197970d-03 5.07614213197970d-03 5.07614213197970d-03 5.07614213197970d-03 5.07614213197970d-03 5.07614213197970d-03 5.07614213197970d-03
#
# s32
5.07614213197970d-03 5.07614213197970d-03 5.07614213197970d-03 5.07614213197970d-03 5.07614213197970d-03 5.07614213197970d-03 5.07614213197970d-03 5.07614213197970d-03 5.07614213197970d-03 5.07614213197970d-03 5.07614213197970d-03 5.07614213197970d-03 5.07614213197970d-03 5.07614213197970d-03 5.07614213197970d-03 5.07614213197970d-03
#
# s33
5.07614213197970d-03 5.07614213197970d-03 5.07614213197970d-03 5.07614213197970d-03 5.07614213197970d-03 5.07614213197970d-03 5.07614213197970d-03 5.07614213197970d-03 5.07614213197970d-03 5.07614213197970d-03 5.07614213197970d-03 5.07614213197970d-03 5.07614213197970d-03 5.07614213197970d-03 5.07614213197970d-03 5.07614213197970d-03
#
# s34
5.07614213197970d-03 5.07614213197970d-03 5.07614213197970d-03 5.07614213197970d-03 5.07614213197970d-03 5.07614213197970d-03 5.07614213197970d-03 5.07614213197970d-03 5.07614213197970d-03 5.07614213197970d-03 5.07614213197970d-03 5.07614213197970d-03 5.07614213197970d-03 5.07614213197970d-03 5.07614213197970d-03 5.07614213197970d-03
#
# s35
5.07614213197970d-03 5.07614213197970d-03 5.07614213197970d-03 5.07614213197970d-03 5.07614213197970d-03 5.07614213197970d-03 5.07614213197970d-03 5.07614213197970d-03 5.07614213197970d-03 5.07614213197970d-03 5.07614213197970d-03 5.07614213197970d-03 5.07614213197970d-03 5.07614213197970d-03 5.07614213197970d-03 5.07614213197970d-03
#
# cl29
5.07614213197970d-03 5.07614213197970d-03 5.07614213197970d-03 5.07614213197970d-03 5.07614213197970d-03 5.07614213197970d-03 5.07614213197970d-03 5.07614213197970d-03 5.07614213197970d-03 5.07614213197970d-03 5.07614213197970d-03 5.07614213197970d-03 5.07614213197970d-03 5.07614213197970d-03 5.07614213197970d-03 5.07614213197970d-03
#
# cl30
5.07614213197970d-03 5.07614213197970d-03 5.07614213197970d-03 5.07614213197970d-03 5.07614213197970d-03 5.07614213197970d-03 5.07614213197970d-03 5.07614213197970d-03 5.07614213197970d-03 5.07614213197970d-03 5.07614213197970d-03 5.07614213197970d-03 5.07614213197970d-03 5.07614213197970d-03 5.07614213197970d-03 5.07614213197970d-03
#
# cl31
5.07614213197970d-03 5.07614213197970d-03 5.07614213197970d-03 5.07614213197970d-03 5.07614213197970d-03 5.07614213197970d-03 5.07614213197970d-03 5.07614213197970d-03 5.07614213197970d-03 5.07614213197970d-03 5.07614213197970d-03 5.07614213197970d-03 5.07614213197970d-03 5.07614213197970d-03 5.07614213197970d-03 5.07614213197970d-03
#
# cl32
5.07614213197970d-03 5.07614213197970d-03 5.07614213197970d-03 5.07614213197970d-03 5.07614213197970d-03 5.07614213197970d-03 5.07614213197970d-03 5.07614213197970d-03 5.07614213197970d-03 5.07614213197970d-03 5.07614213197970d-03 5.07614213197970d-03 5.07614213197970d-03 5.07614213197970d-03 5.07614213197970d-03 5.07614213197970d-03
#
# cl33
5.07614213197970d-03 5.07614213197970d-03 5.07614213197970d-03 5.07614213197970d-03 5.07614213197970d-03 5.07614213197970d-03 5.07614213197970d-03 5.07614213197970d-03 5.07614213197970d-03 5.07614213197970d-03 5.07614213197970d-03 5.07614213197970d-03 5.07614213197970d-03 5.07614213197970d-03 5.07614213197970d-03 5.07614213197970d-03
#
# cl34
5.07614213197970d-03 5.07614213197970d-03 5.07614213197970d-03 5.07614213197970d-03 5.07614213197970d-03 5.07614213197970d-03 5.07614213197970d-03 5.07614213197970d-03 5.07614213197970d-03 5.07614213197970d-03 5.07614213197970d-03 5.07614213197970d-03 5.07614213197970d-03 5.07614213197970d-03 5.07614213197970d-03 5.07614213197970d-03
#
# cl35
5.07614213197970d-03 5.07614213197970d-03 5.07614213197970d-03 5.07614213197970d-03 5.07614213197970d-03 5.07614213197970d-03 5.07614213197970d-03 5.07614213197970d-03 5.07614213197970d-03 5.07614213197970d-03 5.07614213197970d-03 5.07614213197970d-03 5.07614213197970d-03 5.07614213197970d-03 5.07614213197970d-03 5.07614213197970d-03
#
# cl36
5.07614213197970d-03 5.07614213197970d-03 5.07614213197970d-03 5.07614213197970d-03 5.07614213197970d-03 5.07614213197970d-03 5.07614213197970d-03 5.07614213197970d-03 5.07614213197970d-03 5.07614213197970d-03 5.07614213197970d-03 5.07614213197970d-03 5.07614213197970d-03 5.07614213197970d-03 5.07614213197970d-03 5.07614213197970d-03
#
# cl37
5.07614213197970d-03 5.07614213197970d-03 5.07614213197970d-03 5.07614213197970d-03 5.07614213197970d-03 5.07614213197970d-03 5.07614213197970d-03 5.07614213197970d-03 5.07614213197970d-03 5.07614213197970d-03 5.07614213197970d-03 5.07614213197970d-03 5.07614213197970d-03 5.07614213197970d-03 5.07614213197970d-03 5.07614213197970d-03
#
# ar31
5.07614213197970d-03 5.07614213197970d-03 5.07614213197970d-03 5.07614213197970d-03 5.07614213197970d-03 5.07614213197970d-03 5.07614213197970d-03 5.07614213197970d-03 5.07614213197970d-03 5.07614213197970d-03 5.07614213197970d-03 5.07614213197970d-03 5.07614213197970d-03 5.07614213197970d-03 5.07614213197970d-03 5.07614213197970d-03
#
# ar32
5.07614213197970d-03 5.07614213197970d-03 5.07614213197970d-03 5.07614213197970d-03 5.07614213197970d-03 5.07614213197970d-03 5.07614213197970d-03 5.07614213197970d-03 5.07614213197970d-03 5.07614213197970d-03 5.07614213197970d-03 5.07614213197970d-03 5.07614213197970d-03 5.07614213197970d-03 5.07614213197970d-03 5.07614213197970d-03
#
# ar33
5.07614213197970d-03 5.07614213197970d-03 5.07614213197970d-03 5.07614213197970d-03 5.07614213197970d-03 5.07614213197970d-03 5.07614213197970d-03 5.07614213197970d-03 5.07614213197970d-03 5.07614213197970d-03 5.07614213197970d-03 5.07614213197970d-03 5.07614213197970d-03 5.07614213197970d-03 5.07614213197970d-03 5.07614213197970d-03
#
# ar34
5.07614213197970d-03 5.07614213197970d-03 5.07614213197970d-03 5.07614213197970d-03 5.07614213197970d-03 5.07614213197970d-03 5.07614213197970d-03 5.07614213197970d-03 5.07614213197970d-03 5.07614213197970d-03 5.07614213197970d-03 5.07614213197970d-03 5.07614213197970d-03 5.07614213197970d-03 5.07614213197970d-03 5.07614213197970d-03
#
# ar35
5.07614213197970d-03 5.07614213197970d-03 5.07614213197970d-03 5.07614213197970d-03 5.07614213197970d-03 5.07614213197970d-03 5.07614213197970d-03 5.07614213197970d-03 5.07614213197970d-03 5.07614213197970d-03 5.07614213197970d-03 5.07614213197970d-03 5.07614213197970d-03 5.07614213197970d-03 5.07614213197970d-03 5.07614213197970d-03
#
# ar36
5.07614213197970d-03 5.07614213197970d-03 5.07614213197970d-03 5.07614213197970d-03 5.07614213197970d-03 5.07614213197970d-03 5.07614213197970d-03 5.07614213197970d-03 5.07614213197970d-03 5.07614213197970d-03 5.07614213197970d-03 5.07614213197970d-03 5.07614213197970d-03 5.07614213197970d-03 5.07614213197970d-03 5.07614213197970d-03
#
# ar37
5.07614213197970d-03 5.07614213197970d-03 5.07614213197970d-03 5.07614213197970d-03 5.07614213197970d-03 5.07614213197970d-03 5.07614213197970d-03 5.07614213197970d-03 5.07614213197970d-03 5.07614213197970d-03 5.07614213197970d-03 5.07614213197970d-03 5.07614213197970d-03 5.07614213197970d-03 5.07614213197970d-03 5.07614213197970d-03
#
# ar38
5.07614213197970d-03 5.07614213197970d-03 5.07614213197970d-03 5.07614213197970d-03 5.07614213197970d-03 5.07614213197970d-03 5.07614213197970d-03 5.07614213197970d-03 5.07614213197970d-03 5.07614213197970d-03 5.07614213197970d-03 5.07614213197970d-03 5.07614213197970d-03 5.07614213197970d-03 5.07614213197970d-03 5.07614213197970d-03
#
# ar39
5.07614213197970d-03 5.07614213197970d-03 5.07614213197970d-03 5.07614213197970d-03 5.07614213197970d-03 5.07614213197970d-03 5.07614213197970d-03 5.07614213197970d-03 5.07614213197970d-03 5.07614213197970d-03 5.07614213197970d-03 5.07614213197970d-03 5.07614213197970d-03 5.07614213197970d-03 5.07614213197970d-03 5.07614213197970d-03
#
# k33
5.07614213197970d-03 5.07614213197970d-03 5.07614213197970d-03 5.07614213197970d-03 5.07614213197970d-03 5.07614213197970d-03 5.07614213197970d-03 5.07614213197970d-03 5.07614213197970d-03 5.07614213197970d-03 5.07614213197970d-03 5.07614213197970d-03 5.07614213197970d-03 5.07614213197970d-03 5.07614213197970d-03 5.07614213197970d-03
#
# k34
5.07614213197970d-03 5.07614213197970d-03 5.07614213197970d-03 5.07614213197970d-03 5.07614213197970d-03 5.07614213197970d-03 5.07614213197970d-03 5.07614213197970d-03 5.07614213197970d-03 5.07614213197970d-03 5.07614213197970d-03 5.07614213197970d-03 5.07614213197970d-03 5.07614213197970d-03 5.07614213197970d-03 5.07614213197970d-03
#
# k35
5.07614213197970d-03 5.07614213197970d-03 5.07614213197970d-03 5.07614213197970d-03 5.07614213197970d-03 5.07614213197970d-03 5.07614213197970d-03 5.07614213197970d-03 5.07614213197970d-03 5.07614213197970d-03 5.07614213197970d-03 5.07614213197970d-03 5.07614213197970d-03 5.07614213197970d-03 5.07614213197970d-03 5.07614213197970d-03
#
# k36
5.07614213197970d-03 5.07614213197970d-03 5.07614213197970d-03 5.07614213197970d-03 5.07614213197970d-03 5.07614213197970d-03 5.07614213197970d-03 5.07614213197970d-03 5.07614213197970d-03 5.07614213197970d-03 5.07614213197970d-03 5.07614213197970d-03 5.07614213197970d-03 5.07614213197970d-03 5.07614213197970d-03 5.07614213197970d-03
#
# k37
5.07614213197970d-03 5.07614213197970d-03 5.07614213197970d-03 5.07614213197970d-03 5.07614213197970d-03 5.07614213197970d-03 5.07614213197970d-03 5.07614213197970d-03 5.07614213197970d-03 5.07614213197970d-03 5.07614213197970d-03 5.07614213197970d-03 5.07614213197970d-03 5.07614213197970d-03 5.07614213197970d-03 5.07614213197970d-03
#
# k38
5.07614213197970d-03 5.07614213197970d-03 5.07614213197970d-03 5.07614213197970d-03 5.07614213197970d-03 5.07614213197970d-03 5.07614213197970d-03 5.07614213197970d-03 5.07614213197970d-03 5.07614213197970d-03 5.07614213197970d-03 5.07614213197970d-03 5.07614213197970d-03 5.07614213197970d-03 5.07614213197970d-03 5.07614213197970d-03
#
# k39
5.07614213197970d-03 5.07614213197970d-03 5.07614213197970d-03 5.07614213197970d-03 5.07614213197970d-03 5.07614213197970d-03 5.07614213197970d-03 5.07614213197970d-03 5.07614213197970d-03 5.07614213197970d-03 5.07614213197970d-03 5.07614213197970d-03 5.07614213197970d-03 5.07614213197970d-03 5.07614213197970d-03 5.07614213197970d-03
#
# k40
5.07614213197970d-03 5.07614213197970d-03 5.07614213197970d-03 5.07614213197970d-03 5.07614213197970d-03 5.07614213197970d-03 5.07614213197970d-03 5.07614213197970d-03 5.07614213197970d-03 5.07614213197970d-03 5.07614213197970d-03 5.07614213197970d-03 5.07614213197970d-03 5.07614213197970d-03 5.07614213197970d-03 5.07614213197970d-03
#
# k41
5.07614213197970d-03 5.07614213197970d-03 5.07614213197970d-03 5.07614213197970d-03 5.07614213197970d-03 5.07614213197970d-03 5.07614213197970d-03 5.07614213197970d-03 5.07614213197970d-03 5.07614213197970d-03 5.07614213197970d-03 5.07614213197970d-03 5.07614213197970d-03 5.07614213197970d-03 5.07614213197970d-03 5.07614213197970d-03
#
# ca34
5.07614213197970d-03 5.07614213197970d-03 5.07614213197970d-03 5.07614213197970d-03 5.07614213197970d-03 5.07614213197970d-03 5.07614213197970d-03 5.07614213197970d-03 5.07614213197970d-03 5.07614213197970d-03 5.07614213197970d-03 5.07614213197970d-03 5.07614213197970d-03 5.07614213197970d-03 5.07614213197970d-03 5.07614213197970d-03
#
# ca35
5.07614213197970d-03 5.07614213197970d-03 5.07614213197970d-03 5.07614213197970d-03 5.07614213197970d-03 5.07614213197970d-03 5.07614213197970d-03 5.07614213197970d-03 5.07614213197970d-03 5.07614213197970d-03 5.07614213197970d-03 5.07614213197970d-03 5.07614213197970d-03 5.07614213197970d-03 5.07614213197970d-03 5.07614213197970d-03
#
# ca36
5.07614213197970d-03 5.07614213197970d-03 5.07614213197970d-03 5.07614213197970d-03 5.07614213197970d-03 5.07614213197970d-03 5.07614213197970d-03 5.07614213197970d-03 5.07614213197970d-03 5.07614213197970d-03 5.07614213197970d-03 5.07614213197970d-03 5.07614213197970d-03 5.07614213197970d-03 5.07614213197970d-03 5.07614213197970d-03
#
# ca37
5.07614213197970d-03 5.07614213197970d-03 5.07614213197970d-03 5.07614213197970d-03 5.07614213197970d-03 5.07614213197970d-03 5.07614213197970d-03 5.07614213197970d-03 5.07614213197970d-03 5.07614213197970d-03 5.07614213197970d-03 5.07614213197970d-03 5.07614213197970d-03 5.07614213197970d-03 5.07614213197970d-03 5.07614213197970d-03
#
# ca38
5.07614213197970d-03 5.07614213197970d-03 5.07614213197970d-03 5.07614213197970d-03 5.07614213197970d-03 5.07614213197970d-03 5.07614213197970d-03 5.07614213197970d-03 5.07614213197970d-03 5.07614213197970d-03 5.07614213197970d-03 5.07614213197970d-03 5.07614213197970d-03 5.07614213197970d-03 5.07614213197970d-03 5.07614213197970d-03
#
# ca39
5.07614213197970d-03 5.07614213197970d-03 5.07614213197970d-03 5.07614213197970d-03 5.07614213197970d-03 5.07614213197970d-03 5.07614213197970d-03 5.07614213197970d-03 5.07614213197970d-03 5.07614213197970d-03 5.07614213197970d-03 5.07614213197970d-03 5.07614213197970d-03 5.07614213197970d-03 5.07614213197970d-03 5.07614213197970d-03
#
# ca40
5.07614213197970d-03 5.07614213197970d-03 5.07614213197970d-03 5.07614213197970d-03 5.07614213197970d-03 5.07614213197970d-03 5.07614213197970d-03 5.07614213197970d-03 5.07614213197970d-03 5.07614213197970d-03 5.07614213197970d-03 5.07614213197970d-03 5.07614213197970d-03 5.07614213197970d-03 5.07614213197970d-03 5.07614213197970d-03
#
# ca41
5.07614213197970d-03 5.07614213197970d-03 5.07614213197970d-03 5.07614213197970d-03 5.07614213197970d-03 5.07614213197970d-03 5.07614213197970d-03 5.07614213197970d-03 5.07614213197970d-03 5.07614213197970d-03 5.07614213197970d-03 5.07614213197970d-03 5.07614213197970d-03 5.07614213197970d-03 5.07614213197970d-03 5.07614213197970d-03
#
# ca42
5.07614213197970d-03 5.07614213197970d-03 5.07614213197970d-03 5.07614213197970d-03 5.07614213197970d-03 5.07614213197970d-03 5.07614213197970d-03 5.07614213197970d-03 5.07614213197970d-03 5.07614213197970d-03 5.07614213197970d-03 5.07614213197970d-03 5.07614213197970d-03 5.07614213197970d-03 5.07614213197970d-03 5.07614213197970d-03
#
# ca43
5.07614213197970d-03 5.07614213197970d-03 5.07614213197970d-03 5.07614213197970d-03 5.07614213197970d-03 5.07614213197970d-03 5.07614213197970d-03 5.07614213197970d-03 5.07614213197970d-03 5.07614213197970d-03 5.07614213197970d-03 5.07614213197970d-03 5.07614213197970d-03 5.07614213197970d-03 5.07614213197970d-03 5.07614213197970d-03
#
# ca44
5.07614213197970d-03 5.07614213197970d-03 5.07614213197970d-03 5.07614213197970d-03 5.07614213197970d-03 5.07614213197970d-03 5.07614213197970d-03 5.07614213197970d-03 5.07614213197970d-03 5.07614213197970d-03 5.07614213197970d-03 5.07614213197970d-03 5.07614213197970d-03 5.07614213197970d-03 5.07614213197970d-03 5.07614213197970d-03
#
# sc36
5.07614213197970d-03 5.07614213197970d-03 5.07614213197970d-03 5.07614213197970d-03 5.07614213197970d-03 5.07614213197970d-03 5.07614213197970d-03 5.07614213197970d-03 5.07614213197970d-03 5.07614213197970d-03 5.07614213197970d-03 5.07614213197970d-03 5.07614213197970d-03 5.07614213197970d-03 5.07614213197970d-03 5.07614213197970d-03
#
# sc37
5.07614213197970d-03 5.07614213197970d-03 5.07614213197970d-03 5.07614213197970d-03 5.07614213197970d-03 5.07614213197970d-03 5.07614213197970d-03 5.07614213197970d-03 5.07614213197970d-03 5.07614213197970d-03 5.07614213197970d-03 5.07614213197970d-03 5.07614213197970d-03 5.07614213197970d-03 5.07614213197970d-03 5.07614213197970d-03
#
# sc38
5.07614213197970d-03 5.07614213197970d-03 5.07614213197970d-03 5.07614213197970d-03 5.07614213197970d-03 5.07614213197970d-03 5.07614213197970d-03 5.07614213197970d-03 5.07614213197970d-03 5.07614213197970d-03 5.07614213197970d-03 5.07614213197970d-03 5.07614213197970d-03 5.07614213197970d-03 5.07614213197970d-03 5.07614213197970d-03
#
# sc39
5.07614213197970d-03 5.07614213197970d-03 5.07614213197970d-03 5.07614213197970d-03 5.07614213197970d-03 5.07614213197970d-03 5.07614213197970d-03 5.07614213197970d-03 5.07614213197970d-03 5.07614213197970d-03 5.07614213197970d-03 5.07614213197970d-03 5.07614213197970d-03 5.07614213197970d-03 5.07614213197970d-03 5.07614213197970d-03
#
# sc40
5.07614213197970d-03 5.07614213197970d-03 5.07614213197970d-03 5.07614213197970d-03 5.07614213197970d-03 5.07614213197970d-03 5.07614213197970d-03 5.07614213197970d-03 5.07614213197970d-03 5.07614213197970d-03 5.07614213197970d-03 5.07614213197970d-03 5.07614213197970d-03 5.07614213197970d-03 5.07614213197970d-03 5.07614213197970d-03
#
# sc41
5.07614213197970d-03 5.07614213197970d-03 5.07614213197970d-03 5.07614213197970d-03 5.07614213197970d-03 5.07614213197970d-03 5.07614213197970d-03 5.07614213197970d-03 5.07614213197970d-03 5.07614213197970d-03 5.07614213197970d-03 5.07614213197970d-03 5.07614213197970d-03 5.07614213197970d-03 5.07614213197970d-03 5.07614213197970d-03
#
# sc42
5.07614213197970d-03 5.07614213197970d-03 5.07614213197970d-03 5.07614213197970d-03 5.07614213197970d-03 5.07614213197970d-03 5.07614213197970d-03 5.07614213197970d-03 5.07614213197970d-03 5.07614213197970d-03 5.07614213197970d-03 5.07614213197970d-03 5.07614213197970d-03 5.07614213197970d-03 5.07614213197970d-03 5.07614213197970d-03
#
# sc43
5.07614213197970d-03 5.07614213197970d-03 5.07614213197970d-03 5.07614213197970d-03 5.07614213197970d-03 5.07614213197970d-03 5.07614213197970d-03 5.07614213197970d-03 5.07614213197970d-03 5.07614213197970d-03 5.07614213197970d-03 5.07614213197970d-03 5.07614213197970d-03 5.07614213197970d-03 5.07614213197970d-03 5.07614213197970d-03
#
# sc44
5.07614213197970d-03 5.07614213197970d-03 5.07614213197970d-03 5.07614213197970d-03 5.07614213197970d-03 5.07614213197970d-03 5.07614213197970d-03 5.07614213197970d-03 5.07614213197970d-03 5.07614213197970d-03 5.07614213197970d-03 5.07614213197970d-03 5.07614213197970d-03 5.07614213197970d-03 5.07614213197970d-03 5.07614213197970d-03
#
# sc45
5.07614213197970d-03 5.07614213197970d-03 5.07614213197970d-03 5.07614213197970d-03 5.07614213197970d-03 5.07614213197970d-03 5.07614213197970d-03 5.07614213197970d-03 5.07614213197970d-03 5.07614213197970d-03 5.07614213197970d-03 5.07614213197970d-03 5.07614213197970d-03 5.07614213197970d-03 5.07614213197970d-03 5.07614213197970d-03
#
# sc46
5.07614213197970d-03 5.07614213197970d-03 5.07614213197970d-03 5.07614213197970d-03 5.07614213197970d-03 5.07614213197970d-03 5.07614213197970d-03 5.07614213197970d-03 5.07614213197970d-03 5.07614213197970d-03 5.07614213197970d-03 5.07614213197970d-03 5.07614213197970d-03 5.07614213197970d-03 5.07614213197970d-03 5.07614213197970d-03
#
# ti38
5.07614213197970d-03 5.07614213197970d-03 5.07614213197970d-03 5.07614213197970d-03 5.07614213197970d-03 5.07614213197970d-03 5.07614213197970d-03 5.07614213197970d-03 5.07614213197970d-03 5.07614213197970d-03 5.07614213197970d-03 5.07614213197970d-03 5.07614213197970d-03 5.07614213197970d-03 5.07614213197970d-03 5.07614213197970d-03
#
# ti39
5.07614213197970d-03 5.07614213197970d-03 5.07614213197970d-03 5.07614213197970d-03 5.07614213197970d-03 5.07614213197970d-03 5.07614213197970d-03 5.07614213197970d-03 5.07614213197970d-03 5.07614213197970d-03 5.07614213197970d-03 5.07614213197970d-03 5.07614213197970d-03 5.07614213197970d-03 5.07614213197970d-03 5.07614213197970d-03
#
# ti40
5.07614213197970d-03 5.07614213197970d-03 5.07614213197970d-03 5.07614213197970d-03 5.07614213197970d-03 5.07614213197970d-03 5.07614213197970d-03 5.07614213197970d-03 5.07614213197970d-03 5.07614213197970d-03 5.07614213197970d-03 5.07614213197970d-03 5.07614213197970d-03 5.07614213197970d-03 5.07614213197970d-03 5.07614213197970d-03
#
# ti41
5.07614213197970d-03 5.07614213197970d-03 5.07614213197970d-03 5.07614213197970d-03 5.07614213197970d-03 5.07614213197970d-03 5.07614213197970d-03 5.07614213197970d-03 5.07614213197970d-03 5.07614213197970d-03 5.07614213197970d-03 5.07614213197970d-03 5.07614213197970d-03 5.07614213197970d-03 5.07614213197970d-03 5.07614213197970d-03
#
# ti42
5.07614213197970d-03 5.07614213197970d-03 5.07614213197970d-03 5.07614213197970d-03 5.07614213197970d-03 5.07614213197970d-03 5.07614213197970d-03 5.07614213197970d-03 5.07614213197970d-03 5.07614213197970d-03 5.07614213197970d-03 5.07614213197970d-03 5.07614213197970d-03 5.07614213197970d-03 5.07614213197970d-03 5.07614213197970d-03
#
# ti43
5.07614213197970d-03 5.07614213197970d-03 5.07614213197970d-03 5.07614213197970d-03 5.07614213197970d-03 5.07614213197970d-03 5.07614213197970d-03 5.07614213197970d-03 5.07614213197970d-03 5.07614213197970d-03 5.07614213197970d-03 5.07614213197970d-03 5.07614213197970d-03 5.07614213197970d-03 5.07614213197970d-03 5.07614213197970d-03
#
# ti44
5.07614213197970d-03 5.07614213197970d-03 5.07614213197970d-03 5.07614213197970d-03 5.07614213197970d-03 5.07614213197970d-03 5.07614213197970d-03 5.07614213197970d-03 5.07614213197970d-03 5.07614213197970d-03 5.07614213197970d-03 5.07614213197970d-03 5.07614213197970d-03 5.07614213197970d-03 5.07614213197970d-03 5.07614213197970d-03
#
# ti45
5.07614213197970d-03 5.07614213197970d-03 5.07614213197970d-03 5.07614213197970d-03 5.07614213197970d-03 5.07614213197970d-03 5.07614213197970d-03 5.07614213197970d-03 5.07614213197970d-03 5.07614213197970d-03 5.07614213197970d-03 5.07614213197970d-03 5.07614213197970d-03 5.07614213197970d-03 5.07614213197970d-03 5.07614213197970d-03
#
# ti46
5.07614213197970d-03 5.07614213197970d-03 5.07614213197970d-03 5.07614213197970d-03 5.07614213197970d-03 5.07614213197970d-03 5.07614213197970d-03 5.07614213197970d-03 5.07614213197970d-03 5.07614213197970d-03 5.07614213197970d-03 5.07614213197970d-03 5.07614213197970d-03 5.07614213197970d-03 5.07614213197970d-03 5.07614213197970d-03
#
# ti47
5.07614213197970d-03 5.07614213197970d-03 5.07614213197970d-03 5.07614213197970d-03 5.07614213197970d-03 5.07614213197970d-03 5.07614213197970d-03 5.07614213197970d-03 5.07614213197970d-03 5.07614213197970d-03 5.07614213197970d-03 5.07614213197970d-03 5.07614213197970d-03 5.07614213197970d-03 5.07614213197970d-03 5.07614213197970d-03
#
# ti48
5.07614213197970d-03 5.07614213197970d-03 5.07614213197970d-03 5.07614213197970d-03 5.07614213197970d-03 5.07614213197970d-03 5.07614213197970d-03 5.07614213197970d-03 5.07614213197970d-03 5.07614213197970d-03 5.07614213197970d-03 5.07614213197970d-03 5.07614213197970d-03 5.07614213197970d-03 5.07614213197970d-03 5.07614213197970d-03
#
# v40
5.07614213197970d-03 5.07614213197970d-03 5.07614213197970d-03 5.07614213197970d-03 5.07614213197970d-03 5.07614213197970d-03 5.07614213197970d-03 5.07614213197970d-03 5.07614213197970d-03 5.07614213197970d-03 5.07614213197970d-03 5.07614213197970d-03 5.07614213197970d-03 5.07614213197970d-03 5.07614213197970d-03 5.07614213197970d-03
#
# v41
5.07614213197970d-03 5.07614213197970d-03 5.07614213197970d-03 5.07614213197970d-03 5.07614213197970d-03 5.07614213197970d-03 5.07614213197970d-03 5.07614213197970d-03 5.07614213197970d-03 5.07614213197970d-03 5.07614213197970d-03 5.07614213197970d-03 5.07614213197970d-03 5.07614213197970d-03 5.07614213197970d-03 5.07614213197970d-03
#
# v42
5.07614213197970d-03 5.07614213197970d-03 5.07614213197970d-03 5.07614213197970d-03 5.07614213197970d-03 5.07614213197970d-03 5.07614213197970d-03 5.07614213197970d-03 5.07614213197970d-03 5.07614213197970d-03 5.07614213197970d-03 5.07614213197970d-03 5.07614213197970d-03 5.07614213197970d-03 5.07614213197970d-03 5.07614213197970d-03
#
# v43
5.07614213197970d-03 5.07614213197970d-03 5.07614213197970d-03 5.07614213197970d-03 5.07614213197970d-03 5.07614213197970d-03 5.07614213197970d-03 5.07614213197970d-03 5.07614213197970d-03 5.07614213197970d-03 5.07614213197970d-03 5.07614213197970d-03 5.07614213197970d-03 5.07614213197970d-03 5.07614213197970d-03 5.07614213197970d-03
#
# v44
5.07614213197970d-03 5.07614213197970d-03 5.07614213197970d-03 5.07614213197970d-03 5.07614213197970d-03 5.07614213197970d-03 5.07614213197970d-03 5.07614213197970d-03 5.07614213197970d-03 5.07614213197970d-03 5.07614213197970d-03 5.07614213197970d-03 5.07614213197970d-03 5.07614213197970d-03 5.07614213197970d-03 5.07614213197970d-03
#
# v45
5.07614213197970d-03 5.07614213197970d-03 5.07614213197970d-03 5.07614213197970d-03 5.07614213197970d-03 5.07614213197970d-03 5.07614213197970d-03 5.07614213197970d-03 5.07614213197970d-03 5.07614213197970d-03 5.07614213197970d-03 5.07614213197970d-03 5.07614213197970d-03 5.07614213197970d-03 5.07614213197970d-03 5.07614213197970d-03
#
# v46
5.07614213197970d-03 5.07614213197970d-03 5.07614213197970d-03 5.07614213197970d-03 5.07614213197970d-03 5.07614213197970d-03 5.07614213197970d-03 5.07614213197970d-03 5.07614213197970d-03 5.07614213197970d-03 5.07614213197970d-03 5.07614213197970d-03 5.07614213197970d-03 5.07614213197970d-03 5.07614213197970d-03 5.07614213197970d-03
#
# v47
5.07614213197970d-03 5.07614213197970d-03 5.07614213197970d-03 5.07614213197970d-03 5.07614213197970d-03 5.07614213197970d-03 5.07614213197970d-03 5.07614213197970d-03 5.07614213197970d-03 5.07614213197970d-03 5.07614213197970d-03 5.07614213197970d-03 5.07614213197970d-03 5.07614213197970d-03 5.07614213197970d-03 5.07614213197970d-03
#
# v48
5.07614213197970d-03 5.07614213197970d-03 5.07614213197970d-03 5.07614213197970d-03 5.07614213197970d-03 5.07614213197970d-03 5.07614213197970d-03 5.07614213197970d-03 5.07614213197970d-03 5.07614213197970d-03 5.07614213197970d-03 5.07614213197970d-03 5.07614213197970d-03 5.07614213197970d-03 5.07614213197970d-03 5.07614213197970d-03
#
# v49
5.07614213197970d-03 5.07614213197970d-03 5.07614213197970d-03 5.07614213197970d-03 5.07614213197970d-03 5.07614213197970d-03 5.07614213197970d-03 5.07614213197970d-03 5.07614213197970d-03 5.07614213197970d-03 5.07614213197970d-03 5.07614213197970d-03 5.07614213197970d-03 5.07614213197970d-03 5.07614213197970d-03 5.07614213197970d-03
#
# v50
5.07614213197970d-03 5.07614213197970d-03 5.07614213197970d-03 5.07614213197970d-03 5.07614213197970d-03 5.07614213197970d-03 5.07614213197970d-03 5.07614213197970d-03 5.07614213197970d-03 5.07614213197970d-03 5.07614213197970d-03 5.07614213197970d-03 5.07614213197970d-03 5.07614213197970d-03 5.07614213197970d-03 5.07614213197970d-03
#
# cr42
5.07614213197970d-03 5.07614213197970d-03 5.07614213197970d-03 5.07614213197970d-03 5.07614213197970d-03 5.07614213197970d-03 5.07614213197970d-03 5.07614213197970d-03 5.07614213197970d-03 5.07614213197970d-03 5.07614213197970d-03 5.07614213197970d-03 5.07614213197970d-03 5.07614213197970d-03 5.07614213197970d-03 5.07614213197970d-03
#
# cr43
5.07614213197970d-03 5.07614213197970d-03 5.07614213197970d-03 5.07614213197970d-03 5.07614213197970d-03 5.07614213197970d-03 5.07614213197970d-03 5.07614213197970d-03 5.07614213197970d-03 5.07614213197970d-03 5.07614213197970d-03 5.07614213197970d-03 5.07614213197970d-03 5.07614213197970d-03 5.07614213197970d-03 5.07614213197970d-03
#
# cr44
5.07614213197970d-03 5.07614213197970d-03 5.07614213197970d-03 5.07614213197970d-03 5.07614213197970d-03 5.07614213197970d-03 5.07614213197970d-03 5.07614213197970d-03 5.07614213197970d-03 5.07614213197970d-03 5.07614213197970d-03 5.07614213197970d-03 5.07614213197970d-03 5.07614213197970d-03 5.07614213197970d-03 5.07614213197970d-03
#
# cr45
5.07614213197970d-03 5.07614213197970d-03 5.07614213197970d-03 5.07614213197970d-03 5.07614213197970d-03 5.07614213197970d-03 5.07614213197970d-03 5.07614213197970d-03 5.07614213197970d-03 5.07614213197970d-03 5.07614213197970d-03 5.07614213197970d-03 5.07614213197970d-03 5.07614213197970d-03 5.07614213197970d-03 5.07614213197970d-03
#
# cr46
5.07614213197970d-03 5.07614213197970d-03 5.07614213197970d-03 5.07614213197970d-03 5.07614213197970d-03 5.07614213197970d-03 5.07614213197970d-03 5.07614213197970d-03 5.07614213197970d-03 5.07614213197970d-03 5.07614213197970d-03 5.07614213197970d-03 5.07614213197970d-03 5.07614213197970d-03 5.07614213197970d-03 5.07614213197970d-03
#
# cr47
5.07614213197970d-03 5.07614213197970d-03 5.07614213197970d-03 5.07614213197970d-03 5.07614213197970d-03 5.07614213197970d-03 5.07614213197970d-03 5.07614213197970d-03 5.07614213197970d-03 5.07614213197970d-03 5.07614213197970d-03 5.07614213197970d-03 5.07614213197970d-03 5.07614213197970d-03 5.07614213197970d-03 5.07614213197970d-03
#
# cr48
5.07614213197970d-03 5.07614213197970d-03 5.07614213197970d-03 5.07614213197970d-03 5.07614213197970d-03 5.07614213197970d-03 5.07614213197970d-03 5.07614213197970d-03 5.07614213197970d-03 5.07614213197970d-03 5.07614213197970d-03 5.07614213197970d-03 5.07614213197970d-03 5.07614213197970d-03 5.07614213197970d-03 5.07614213197970d-03
#
# cr49
5.07614213197970d-03 5.07614213197970d-03 5.07614213197970d-03 5.07614213197970d-03 5.07614213197970d-03 5.07614213197970d-03 5.07614213197970d-03 5.07614213197970d-03 5.07614213197970d-03 5.07614213197970d-03 5.07614213197970d-03 5.07614213197970d-03 5.07614213197970d-03 5.07614213197970d-03 5.07614213197970d-03 5.07614213197970d-03
#
# cr50
5.07614213197970d-03 5.07614213197970d-03 5.07614213197970d-03 5.07614213197970d-03 5.07614213197970d-03 5.07614213197970d-03 5.07614213197970d-03 5.07614213197970d-03 5.07614213197970d-03 5.07614213197970d-03 5.07614213197970d-03 5.07614213197970d-03 5.07614213197970d-03 5.07614213197970d-03 5.07614213197970d-03 5.07614213197970d-03
#
# cr51
5.07614213197970d-03 5.07614213197970d-03 5.07614213197970d-03 5.07614213197970d-03 5.07614213197970d-03 5.07614213197970d-03 5.07614213197970d-03 5.07614213197970d-03 5.07614213197970d-03 5.07614213197970d-03 5.07614213197970d-03 5.07614213197970d-03 5.07614213197970d-03 5.07614213197970d-03 5.07614213197970d-03 5.07614213197970d-03
#
# cr52
5.07614213197970d-03 5.07614213197970d-03 5.07614213197970d-03 5.07614213197970d-03 5.07614213197970d-03 5.07614213197970d-03 5.07614213197970d-03 5.07614213197970d-03 5.07614213197970d-03 5.07614213197970d-03 5.07614213197970d-03 5.07614213197970d-03 5.07614213197970d-03 5.07614213197970d-03 5.07614213197970d-03 5.07614213197970d-03
#
# mn44
5.07614213197970d-03 5.07614213197970d-03 5.07614213197970d-03 5.07614213197970d-03 5.07614213197970d-03 5.07614213197970d-03 5.07614213197970d-03 5.07614213197970d-03 5.07614213197970d-03 5.07614213197970d-03 5.07614213197970d-03 5.07614213197970d-03 5.07614213197970d-03 5.07614213197970d-03 5.07614213197970d-03 5.07614213197970d-03
#
# mn45
5.07614213197970d-03 5.07614213197970d-03 5.07614213197970d-03 5.07614213197970d-03 5.07614213197970d-03 5.07614213197970d-03 5.07614213197970d-03 5.07614213197970d-03 5.07614213197970d-03 5.07614213197970d-03 5.07614213197970d-03 5.07614213197970d-03 5.07614213197970d-03 5.07614213197970d-03 5.07614213197970d-03 5.07614213197970d-03
#
# mn46
5.07614213197970d-03 5.07614213197970d-03 5.07614213197970d-03 5.07614213197970d-03 5.07614213197970d-03 5.07614213197970d-03 5.07614213197970d-03 5.07614213197970d-03 5.07614213197970d-03 5.07614213197970d-03 5.07614213197970d-03 5.07614213197970d-03 5.07614213197970d-03 5.07614213197970d-03 5.07614213197970d-03 5.07614213197970d-03
#
# mn47
5.07614213197970d-03 5.07614213197970d-03 5.07614213197970d-03 5.07614213197970d-03 5.07614213197970d-03 5.07614213197970d-03 5.07614213197970d-03 5.07614213197970d-03 5.07614213197970d-03 5.07614213197970d-03 5.07614213197970d-03 5.07614213197970d-03 5.07614213197970d-03 5.07614213197970d-03 5.07614213197970d-03 5.07614213197970d-03
#
# mn48
5.07614213197970d-03 5.07614213197970d-03 5.07614213197970d-03 5.07614213197970d-03 5.07614213197970d-03 5.07614213197970d-03 5.07614213197970d-03 5.07614213197970d-03 5.07614213197970d-03 5.07614213197970d-03 5.07614213197970d-03 5.07614213197970d-03 5.07614213197970d-03 5.07614213197970d-03 5.07614213197970d-03 5.07614213197970d-03
#
# mn49
5.07614213197970d-03 5.07614213197970d-03 5.07614213197970d-03 5.07614213197970d-03 5.07614213197970d-03 5.07614213197970d-03 5.07614213197970d-03 5.07614213197970d-03 5.07614213197970d-03 5.07614213197970d-03 5.07614213197970d-03 5.07614213197970d-03 5.07614213197970d-03 5.07614213197970d-03 5.07614213197970d-03 5.07614213197970d-03
#
# mn50
5.07614213197970d-03 5.07614213197970d-03 5.07614213197970d-03 5.07614213197970d-03 5.07614213197970d-03 5.07614213197970d-03 5.07614213197970d-03 5.07614213197970d-03 5.07614213197970d-03 5.07614213197970d-03 5.07614213197970d-03 5.07614213197970d-03 5.07614213197970d-03 5.07614213197970d-03 5.07614213197970d-03 5.07614213197970d-03
#
# mn51
5.07614213197970d-03 5.07614213197970d-03 5.07614213197970d-03 5.07614213197970d-03 5.07614213197970d-03 5.07614213197970d-03 5.07614213197970d-03 5.07614213197970d-03 5.07614213197970d-03 5.07614213197970d-03 5.07614213197970d-03 5.07614213197970d-03 5.07614213197970d-03 5.07614213197970d-03 5.07614213197970d-03 5.07614213197970d-03
#
# mn52
5.07614213197970d-03 5.07614213197970d-03 5.07614213197970d-03 5.07614213197970d-03 5.07614213197970d-03 5.07614213197970d-03 5.07614213197970d-03 5.07614213197970d-03 5.07614213197970d-03 5.07614213197970d-03 5.07614213197970d-03 5.07614213197970d-03 5.07614213197970d-03 5.07614213197970d-03 5.07614213197970d-03 5.07614213197970d-03
#
# mn53
5.07614213197970d-03 5.07614213197970d-03 5.07614213197970d-03 5.07614213197970d-03 5.07614213197970d-03 5.07614213197970d-03 5.07614213197970d-03 5.07614213197970d-03 5.07614213197970d-03 5.07614213197970d-03 5.07614213197970d-03 5.07614213197970d-03 5.07614213197970d-03 5.07614213197970d-03 5.07614213197970d-03 5.07614213197970d-03
#
# mn54
5.07614213197970d-03 5.07614213197970d-03 5.07614213197970d-03 5.07614213197970d-03 5.07614213197970d-03 5.07614213197970d-03 5.07614213197970d-03 5.07614213197970d-03 5.07614213197970d-03 5.07614213197970d-03 5.07614213197970d-03 5.07614213197970d-03 5.07614213197970d-03 5.07614213197970d-03 5.07614213197970d-03 5.07614213197970d-03
#
# mn55
5.07614213197970d-03 5.07614213197970d-03 5.07614213197970d-03 5.07614213197970d-03 5.07614213197970d-03 5.07614213197970d-03 5.07614213197970d-03 5.07614213197970d-03 5.07614213197970d-03 5.07614213197970d-03 5.07614213197970d-03 5.07614213197970d-03 5.07614213197970d-03 5.07614213197970d-03 5.07614213197970d-03 5.07614213197970d-03
#
# fe45
5.07614213197970d-03 5.07614213197970d-03 5.07614213197970d-03 5.07614213197970d-03 5.07614213197970d-03 5.07614213197970d-03 5.07614213197970d-03 5.07614213197970d-03 5.07614213197970d-03 5.07614213197970d-03 5.07614213197970d-03 5.07614213197970d-03 5.07614213197970d-03 5.07614213197970d-03 5.07614213197970d-03 5.07614213197970d-03
#
# fe46
5.07614213197970d-03 5.07614213197970d-03 5.07614213197970d-03 5.07614213197970d-03 5.07614213197970d-03 5.07614213197970d-03 5.07614213197970d-03 5.07614213197970d-03 5.07614213197970d-03 5.07614213197970d-03 5.07614213197970d-03 5.07614213197970d-03 5.07614213197970d-03 5.07614213197970d-03 5.07614213197970d-03 5.07614213197970d-03
#
# fe47
5.07614213197970d-03 5.07614213197970d-03 5.07614213197970d-03 5.07614213197970d-03 5.07614213197970d-03 5.07614213197970d-03 5.07614213197970d-03 5.07614213197970d-03 5.07614213197970d-03 5.07614213197970d-03 5.07614213197970d-03 5.07614213197970d-03 5.07614213197970d-03 5.07614213197970d-03 5.07614213197970d-03 5.07614213197970d-03
#
# fe48
5.07614213197970d-03 5.07614213197970d-03 5.07614213197970d-03 5.07614213197970d-03 5.07614213197970d-03 5.07614213197970d-03 5.07614213197970d-03 5.07614213197970d-03 5.07614213197970d-03 5.07614213197970d-03 5.07614213197970d-03 5.07614213197970d-03 5.07614213197970d-03 5.07614213197970d-03 5.07614213197970d-03 5.07614213197970d-03
#
# fe49
5.07614213197970d-03 5.07614213197970d-03 5.07614213197970d-03 5.07614213197970d-03 5.07614213197970d-03 5.07614213197970d-03 5.07614213197970d-03 5.07614213197970d-03 5.07614213197970d-03 5.07614213197970d-03 5.07614213197970d-03 5.07614213197970d-03 5.07614213197970d-03 5.07614213197970d-03 5.07614213197970d-03 5.07614213197970d-03
#
# fe50
5.07614213197970d-03 5.07614213197970d-03 5.07614213197970d-03 5.07614213197970d-03 5.07614213197970d-03 5.07614213197970d-03 5.07614213197970d-03 5.07614213197970d-03 5.07614213197970d-03 5.07614213197970d-03 5.07614213197970d-03 5.07614213197970d-03 5.07614213197970d-03 5.07614213197970d-03 5.07614213197970d-03 5.07614213197970d-03
#
# fe51
5.07614213197970d-03 5.07614213197970d-03 5.07614213197970d-03 5.07614213197970d-03 5.07614213197970d-03 5.07614213197970d-03 5.07614213197970d-03 5.07614213197970d-03 5.07614213197970d-03 5.07614213197970d-03 5.07614213197970d-03 5.07614213197970d-03 5.07614213197970d-03 5.07614213197970d-03 5.07614213197970d-03 5.07614213197970d-03
#
# fe52
5.07614213197970d-03 5.07614213197970d-03 5.07614213197970d-03 5.07614213197970d-03 5.07614213197970d-03 5.07614213197970d-03 5.07614213197970d-03 5.07614213197970d-03 5.07614213197970d-03 5.07614213197970d-03 5.07614213197970d-03 5.07614213197970d-03 5.07614213197970d-03 5.07614213197970d-03 5.07614213197970d-03 5.07614213197970d-03
#
# fe53
5.07614213197970d-03 5.07614213197970d-03 5.07614213197970d-03 5.07614213197970d-03 5.07614213197970d-03 5.07614213197970d-03 5.07614213197970d-03 5.07614213197970d-03 5.07614213197970d-03 5.07614213197970d-03 5.07614213197970d-03 5.07614213197970d-03 5.07614213197970d-03 5.07614213197970d-03 5.07614213197970d-03 5.07614213197970d-03
#
# fe54
5.07614213197970d-03 5.07614213197970d-03 5.07614213197970d-03 5.07614213197970d-03 5.07614213197970d-03 5.07614213197970d-03 5.07614213197970d-03 5.07614213197970d-03 5.07614213197970d-03 5.07614213197970d-03 5.07614213197970d-03 5.07614213197970d-03 5.07614213197970d-03 5.07614213197970d-03 5.07614213197970d-03 5.07614213197970d-03
#
# fe55
5.07614213197970d-03 5.07614213197970d-03 5.07614213197970d-03 5.07614213197970d-03 5.07614213197970d-03 5.07614213197970d-03 5.07614213197970d-03 5.07614213197970d-03 5.07614213197970d-03 5.07614213197970d-03 5.07614213197970d-03 5.07614213197970d-03 5.07614213197970d-03 5.07614213197970d-03 5.07614213197970d-03 5.07614213197970d-03
#
# fe56
5.07614213197970d-03 5.07614213197970d-03 5.07614213197970d-03 5.07614213197970d-03 5.07614213197970d-03 5.07614213197970d-03 5.07614213197970d-03 5.07614213197970d-03 5.07614213197970d-03 5.07614213197970d-03 5.07614213197970d-03 5.07614213197970d-03 5.07614213197970d-03 5.07614213197970d-03 5.07614213197970d-03 5.07614213197970d-03
#
# co47
5.07614213197970d-03 5.07614213197970d-03 5.07614213197970d-03 5.07614213197970d-03 5.07614213197970d-03 5.07614213197970d-03 5.07614213197970d-03 5.07614213197970d-03 5.07614213197970d-03 5.07614213197970d-03 5.07614213197970d-03 5.07614213197970d-03 5.07614213197970d-03 5.07614213197970d-03 5.07614213197970d-03 5.07614213197970d-03
#
# co48
5.07614213197970d-03 5.07614213197970d-03 5.07614213197970d-03 5.07614213197970d-03 5.07614213197970d-03 5.07614213197970d-03 5.07614213197970d-03 5.07614213197970d-03 5.07614213197970d-03 5.07614213197970d-03 5.07614213197970d-03 5.07614213197970d-03 5.07614213197970d-03 5.07614213197970d-03 5.07614213197970d-03 5.07614213197970d-03
#
# co49
5.07614213197970d-03 5.07614213197970d-03 5.07614213197970d-03 5.07614213197970d-03 5.07614213197970d-03 5.07614213197970d-03 5.07614213197970d-03 5.07614213197970d-03 5.07614213197970d-03 5.07614213197970d-03 5.07614213197970d-03 5.07614213197970d-03 5.07614213197970d-03 5.07614213197970d-03 5.07614213197970d-03 5.07614213197970d-03
#
# co50
5.07614213197970d-03 5.07614213197970d-03 5.07614213197970d-03 5.07614213197970d-03 5.07614213197970d-03 5.07614213197970d-03 5.07614213197970d-03 5.07614213197970d-03 5.07614213197970d-03 5.07614213197970d-03 5.07614213197970d-03 5.07614213197970d-03 5.07614213197970d-03 5.07614213197970d-03 5.07614213197970d-03 5.07614213197970d-03
#
# co51
5.07614213197970d-03 5.07614213197970d-03 5.07614213197970d-03 5.07614213197970d-03 5.07614213197970d-03 5.07614213197970d-03 5.07614213197970d-03 5.07614213197970d-03 5.07614213197970d-03 5.07614213197970d-03 5.07614213197970d-03 5.07614213197970d-03 5.07614213197970d-03 5.07614213197970d-03 5.07614213197970d-03 5.07614213197970d-03
#
# co52
5.07614213197970d-03 5.07614213197970d-03 5.07614213197970d-03 5.07614213197970d-03 5.07614213197970d-03 5.07614213197970d-03 5.07614213197970d-03 5.07614213197970d-03 5.07614213197970d-03 5.07614213197970d-03 5.07614213197970d-03 5.07614213197970d-03 5.07614213197970d-03 5.07614213197970d-03 5.07614213197970d-03 5.07614213197970d-03
#
# co53
5.07614213197970d-03 5.07614213197970d-03 5.07614213197970d-03 5.07614213197970d-03 5.07614213197970d-03 5.07614213197970d-03 5.07614213197970d-03 5.07614213197970d-03 5.07614213197970d-03 5.07614213197970d-03 5.07614213197970d-03 5.07614213197970d-03 5.07614213197970d-03 5.07614213197970d-03 5.07614213197970d-03 5.07614213197970d-03
#
# co54
5.07614213197970d-03 5.07614213197970d-03 5.07614213197970d-03 5.07614213197970d-03 5.07614213197970d-03 5.07614213197970d-03 5.07614213197970d-03 5.07614213197970d-03 5.07614213197970d-03 5.07614213197970d-03 5.07614213197970d-03 5.07614213197970d-03 5.07614213197970d-03 5.07614213197970d-03 5.07614213197970d-03 5.07614213197970d-03
#
# co55
5.07614213197970d-03 5.07614213197970d-03 5.07614213197970d-03 5.07614213197970d-03 5.07614213197970d-03 5.07614213197970d-03 5.07614213197970d-03 5.07614213197970d-03 5.07614213197970d-03 5.07614213197970d-03 5.07614213197970d-03 5.07614213197970d-03 5.07614213197970d-03 5.07614213197970d-03 5.07614213197970d-03 5.07614213197970d-03
#
# co56
5.07614213197970d-03 5.07614213197970d-03 5.07614213197970d-03 5.07614213197970d-03 5.07614213197970d-03 5.07614213197970d-03 5.07614213197970d-03 5.07614213197970d-03 5.07614213197970d-03 5.07614213197970d-03 5.07614213197970d-03 5.07614213197970d-03 5.07614213197970d-03 5.07614213197970d-03 5.07614213197970d-03 5.07614213197970d-03
#
# ni48
5.07614213197970d-03 5.07614213197970d-03 5.07614213197970d-03 5.07614213197970d-03 5.07614213197970d-03 5.07614213197970d-03 5.07614213197970d-03 5.07614213197970d-03 5.07614213197970d-03 5.07614213197970d-03 5.07614213197970d-03 5.07614213197970d-03 5.07614213197970d-03 5.07614213197970d-03 5.07614213197970d-03 5.07614213197970d-03
#
# ni49
5.07614213197970d-03 5.07614213197970d-03 5.07614213197970d-03 5.07614213197970d-03 5.07614213197970d-03 5.07614213197970d-03 5.07614213197970d-03 5.07614213197970d-03 5.07614213197970d-03 5.07614213197970d-03 5.07614213197970d-03 5.07614213197970d-03 5.07614213197970d-03 5.07614213197970d-03 5.07614213197970d-03 5.07614213197970d-03
#
# ni50
5.07614213197970d-03 5.07614213197970d-03 5.07614213197970d-03 5.07614213197970d-03 5.07614213197970d-03 5.07614213197970d-03 5.07614213197970d-03 5.07614213197970d-03 5.07614213197970d-03 5.07614213197970d-03 5.07614213197970d-03 5.07614213197970d-03 5.07614213197970d-03 5.07614213197970d-03 5.07614213197970d-03 5.07614213197970d-03
#
# ni51
5.07614213197970d-03 5.07614213197970d-03 5.07614213197970d-03 5.07614213197970d-03 5.07614213197970d-03 5.07614213197970d-03 5.07614213197970d-03 5.07614213197970d-03 5.07614213197970d-03 5.07614213197970d-03 5.07614213197970d-03 5.07614213197970d-03 5.07614213197970d-03 5.07614213197970d-03 5.07614213197970d-03 5.07614213197970d-03
#
# ni52
5.07614213197970d-03 5.07614213197970d-03 5.07614213197970d-03 5.07614213197970d-03 5.07614213197970d-03 5.07614213197970d-03 5.07614213197970d-03 5.07614213197970d-03 5.07614213197970d-03 5.07614213197970d-03 5.07614213197970d-03 5.07614213197970d-03 5.07614213197970d-03 5.07614213197970d-03 5.07614213197970d-03 5.07614213197970d-03
#
# ni53
5.07614213197970d-03 5.07614213197970d-03 5.07614213197970d-03 5.07614213197970d-03 5.07614213197970d-03 5.07614213197970d-03 5.07614213197970d-03 5.07614213197970d-03 5.07614213197970d-03 5.07614213197970d-03 5.07614213197970d-03 5.07614213197970d-03 5.07614213197970d-03 5.07614213197970d-03 5.07614213197970d-03 5.07614213197970d-03
#
# ni54
5.07614213197970d-03 5.07614213197970d-03 5.07614213197970d-03 5.07614213197970d-03 5.07614213197970d-03 5.07614213197970d-03 5.07614213197970d-03 5.07614213197970d-03 5.07614213197970d-03 5.07614213197970d-03 5.07614213197970d-03 5.07614213197970d-03 5.07614213197970d-03 5.07614213197970d-03 5.07614213197970d-03 5.07614213197970d-03
#
# ni55
5.07614213197970d-03 5.07614213197970d-03 5.07614213197970d-03 5.07614213197970d-03 5.07614213197970d-03 5.07614213197970d-03 5.07614213197970d-03 5.07614213197970d-03 5.07614213197970d-03 5.07614213197970d-03 5.07614213197970d-03 5.07614213197970d-03 5.07614213197970d-03 5.07614213197970d-03 5.07614213197970d-03 5.07614213197970d-03
#
# ni56
5.07614213197970d-03 5.07614213197970d-03 5.07614213197970d-03 5.07614213197970d-03 5.07614213197970d-03 5.07614213197970d-03 5.07614213197970d-03 5.07614213197970d-03 5.07614213197970d-03 5.07614213197970d-03 5.07614213197970d-03 5.07614213197970d-03 5.07614213197970d-03 5.07614213197970d-03 5.07614213197970d-03 5.07614213197970d-03
