  150
010015020030040050060070080090100150200250300350400450500600700800900100
    n
    p
    d
  he3
  he4
  li6
  li7
  be7
  be9
   b8
  b10
  b11
  c12
  c13
  c14
  n13
  n14
  n15
  o14
  o15
  o16
  o17
  o18
  f17
  f18
  f19
 ne18
 ne19
 ne20
 ne21
 ne22
 na21
 na22
 na23
 mg23
 mg24
 mg25
 mg26
 al24
 al25
 al26
 al27
 si28
 si29
 si30
 si31
 si32
  p29
  p30
  p31
  p32
  p33
  s32
  s33
  s34
  s35
  s36
 cl33
 cl34
 cl35
 cl36
 cl37
 ar36
 ar37
 ar38
 ar39
 ar40
  k37
  k38
  k39
  k40
  k41
 ca40
 ca41
 ca42
 ca43
 ca44
 ca45
 ca46
 ca47
 ca48
 sc43
 sc44
 sc45
 sc46
 sc47
 sc48
 sc49
 ti44
 ti45
 ti46
 ti47
 ti48
 ti49
 ti50
  v46
  v47
  v48
  v49
  v50
  v51
 cr48
 cr49
 cr50
 cr51
 cr52
 cr53
 cr54
 mn50
 mn51
 mn52
 mn53
 mn54
 mn55
 fe52
 fe53
 fe54
 fe55
 fe56
 fe57
 fe58
 co53
 co54
 co55
 co56
 co57
 co58
 co59
 ni56
 ni57
 ni58
 ni59
 ni60
 ni61
 ni62
 cu57
 cu58
 cu59
 cu60
 cu61
 cu62
 cu63
 zn59
 zn60
 zn61
 zn62
 zn63
 zn64
 zn65
 zn66
    n       1.000   0   1   0.5     8.07131728
 1.00000E+00 1.00000E+00 1.00000E+00 1.00000E+00 1.00000E+00 1.00000E+00 1.00000E+00 1.00000E+00
 1.00000E+00 1.00000E+00 1.00000E+00 1.00000E+00 1.00000E+00 1.00000E+00 1.00000E+00 1.00000E+00
 1.00000E+00 1.00000E+00 1.00000E+00 1.00000E+00 1.00000E+00 1.00000E+00 1.00000E+00 1.00000E+00
    p       1.000   1   0   0.5     7.28897064
 1.00000E+00 1.00000E+00 1.00000E+00 1.00000E+00 1.00000E+00 1.00000E+00 1.00000E+00 1.00000E+00
 1.00000E+00 1.00000E+00 1.00000E+00 1.00000E+00 1.00000E+00 1.00000E+00 1.00000E+00 1.00000E+00
 1.00000E+00 1.00000E+00 1.00000E+00 1.00000E+00 1.00000E+00 1.00000E+00 1.00000E+00 1.00000E+00
    d       2.000   1   1   1.0    13.13572183
 1.00000E+00 1.00000E+00 1.00000E+00 1.00000E+00 1.00000E+00 1.00000E+00 1.00000E+00 1.00000E+00
 1.00000E+00 1.00000E+00 1.00000E+00 1.00000E+00 1.00000E+00 1.00000E+00 1.00000E+00 1.00000E+00
 1.00000E+00 1.00000E+00 1.00000E+00 1.00000E+00 1.00000E+00 1.00000E+00 1.00000E+00 1.00000E+00
  he3       3.000   2   1   0.5    14.93121562
 1.00000E+00 1.00000E+00 1.00000E+00 1.00000E+00 1.00000E+00 1.00000E+00 1.00000E+00 1.00000E+00
 1.00000E+00 1.00000E+00 1.00000E+00 1.00000E+00 1.00000E+00 1.00000E+00 1.00000E+00 1.00000E+00
 1.00000E+00 1.00000E+00 1.00000E+00 1.00000E+00 1.00000E+00 1.00000E+00 1.00000E+00 1.00000E+00
  he4       4.000   2   2   0.0     2.42491563
 1.00000E+00 1.00000E+00 1.00000E+00 1.00000E+00 1.00000E+00 1.00000E+00 1.00000E+00 1.00000E+00
 1.00000E+00 1.00000E+00 1.00000E+00 1.00000E+00 1.00000E+00 1.00000E+00 1.00000E+00 1.00000E+00
 1.00000E+00 1.00000E+00 1.00000E+00 1.00000E+00 1.00000E+00 1.00000E+00 1.00000E+00 1.00000E+00
  li6       6.000   3   3   1.0    14.08687902
 1.00000E+00 1.00000E+00 1.00000E+00 1.00000E+00 1.00000E+00 1.00000E+00 1.00000E+00 1.00000E+00
 1.00000E+00 1.00000E+00 1.00000E+00 1.00000E+00 1.00000E+00 1.00000E+00 1.00000E+00 1.00000E+00
 1.00000E+00 1.00000E+00 1.00000E+00 1.00000E+00 1.00000E+00 1.00000E+00 1.00000E+00 1.00000E+00
  li7       7.000   3   4   1.5    14.90709605
 1.00000E+00 1.00000E+00 1.00000E+00 1.00000E+00 1.00000E+00 1.00000E+00 1.00000E+00 1.00000E+00
 1.00000E+00 1.00000E+00 1.00000E+00 1.01000E+00 1.03000E+00 1.05000E+00 1.08000E+00 1.10000E+00
 1.13000E+00 1.15000E+00 1.17000E+00 1.20000E+00 1.23000E+00 1.25000E+00 1.28000E+00 1.30000E+00
  be7       7.000   4   3   1.5    15.76898900
 1.00000E+00 1.00000E+00 1.00000E+00 1.00000E+00 1.00000E+00 1.00000E+00 1.00000E+00 1.00000E+00
 1.00000E+00 1.00000E+00 1.00000E+00 1.00000E+00 1.00000E+00 1.00000E+00 1.00000E+00 1.00000E+00
 1.00000E+00 1.00000E+00 1.00000E+00 1.00000E+00 1.00000E+00 1.00000E+00 1.00000E+00 1.00000E+00
  be9       9.000   4   5   1.5    11.34843900
 1.00000E+00 1.00000E+00 1.00000E+00 1.00000E+00 1.00000E+00 1.00000E+00 1.00000E+00 1.00000E+00
 1.00000E+00 1.00000E+00 1.00000E+00 1.00000E+00 1.00000E+00 1.00000E+00 1.00000E+00 1.00000E+00
 1.00000E+00 1.00000E+00 1.00000E+00 1.00000E+00 1.00000E+00 1.00000E+00 1.00000E+00 1.00000E+00
   b8       8.000   5   3   2.0    22.92157700
 1.00000E+00 1.00000E+00 1.00000E+00 1.00000E+00 1.00000E+00 1.00000E+00 1.00000E+00 1.00000E+00
 1.00000E+00 1.00000E+00 1.00000E+00 1.00000E+00 1.00000E+00 1.00000E+00 1.00000E+00 1.00000E+00
 1.00000E+00 1.00000E+00 1.00000E+00 1.00000E+00 1.00000E+00 1.00000E+00 1.00000E+00 1.00000E+00
  b10      10.000   5   5   3.0    12.05072900
 1.00000E+00 1.00000E+00 1.00000E+00 1.00000E+00 1.00000E+00 1.00000E+00 1.00000E+00 1.00000E+00
 1.00000E+00 1.00000E+00 1.00000E+00 1.00000E+00 1.00000E+00 1.00000E+00 1.00000E+00 1.00000E+00
 1.00000E+00 1.00000E+00 1.00000E+00 1.00000E+00 1.00000E+00 1.00000E+00 1.00000E+00 1.00000E+00
  b11      11.000   5   6   1.5     8.66792900
 1.00000E+00 1.00000E+00 1.00000E+00 1.00000E+00 1.00000E+00 1.00000E+00 1.00000E+00 1.00000E+00
 1.00000E+00 1.00000E+00 1.00000E+00 1.00000E+00 1.00000E+00 1.00000E+00 1.00000E+00 1.00000E+00
 1.00000E+00 1.00000E+00 1.00000E+00 1.00000E+00 1.00000E+00 1.00000E+00 1.00000E+00 1.00000E+00
  c12      12.000   6   6   0.0     0.00000000
 1.00000E+00 1.00000E+00 1.00000E+00 1.00000E+00 1.00000E+00 1.00000E+00 1.00000E+00 1.00000E+00
 1.00000E+00 1.00000E+00 1.00000E+00 1.00000E+00 1.00000E+00 1.00000E+00 1.00000E+00 1.00000E+00
 1.00000E+00 1.00000E+00 1.00000E+00 1.00000E+00 1.00000E+00 1.00000E+00 1.00000E+00 1.00000E+00
  c13      13.000   6   7   0.5     3.12500877
 1.00000E+00 1.00000E+00 1.00000E+00 1.00000E+00 1.00000E+00 1.00000E+00 1.00000E+00 1.00000E+00
 1.00000E+00 1.00000E+00 1.00000E+00 1.00000E+00 1.00000E+00 1.00000E+00 1.00000E+00 1.00000E+00
 1.00000E+00 1.00000E+00 1.00000E+00 1.00000E+00 1.00000E+00 1.00000E+00 1.00000E+00 1.00000E+00
  c14      14.000   6   8   0.0     3.01989279
 1.00000E+00 1.00000E+00 1.00000E+00 1.00000E+00 1.00000E+00 1.00000E+00 1.00000E+00 1.00000E+00
 1.00000E+00 1.00000E+00 1.00000E+00 1.00000E+00 1.00000E+00 1.00000E+00 1.00000E+00 1.00000E+00
 1.00000E+00 1.00000E+00 1.00000E+00 1.00000E+00 1.00000E+00 1.00000E+00 1.00000E+00 1.00000E+00
  n13      13.000   7   6   0.5     5.34548100
 1.00000E+00 1.00000E+00 1.00000E+00 1.00000E+00 1.00000E+00 1.00000E+00 1.00000E+00 1.00000E+00
 1.00000E+00 1.00000E+00 1.00000E+00 1.00000E+00 1.00000E+00 1.00000E+00 1.00000E+00 1.00000E+00
 1.00000E+00 1.00000E+00 1.00000E+00 1.00000E+00 1.00000E+00 1.00000E+00 1.00000E+00 1.00000E+00
  n14      14.000   7   7   1.0     2.86341671
 1.00000E+00 1.00000E+00 1.00000E+00 1.00000E+00 1.00000E+00 1.00000E+00 1.00000E+00 1.00000E+00
 1.00000E+00 1.00000E+00 1.00000E+00 1.00000E+00 1.00000E+00 1.00000E+00 1.00000E+00 1.00000E+00
 1.00000E+00 1.00000E+00 1.00000E+00 1.00000E+00 1.00000E+00 1.00000E+00 1.00000E+00 1.00000E+00
  n15      15.000   7   8   0.5     0.10143866
 1.00000E+00 1.00000E+00 1.00000E+00 1.00000E+00 1.00000E+00 1.00000E+00 1.00000E+00 1.00000E+00
 1.00000E+00 1.00000E+00 1.00000E+00 1.00000E+00 1.00000E+00 1.00000E+00 1.00000E+00 1.00000E+00
 1.00000E+00 1.00000E+00 1.00000E+00 1.00000E+00 1.00000E+00 1.00000E+00 1.00000E+00 1.00000E+00
  o14      14.000   8   6   0.0     8.00745700
 1.00000E+00 1.00000E+00 1.00000E+00 1.00000E+00 1.00000E+00 1.00000E+00 1.00000E+00 1.00000E+00
 1.00000E+00 1.00000E+00 1.00000E+00 1.00000E+00 1.00000E+00 1.00000E+00 1.00000E+00 1.00000E+00
 1.00000E+00 1.00000E+00 1.00000E+00 1.00000E+00 1.00000E+00 1.00000E+00 1.00000E+00 1.00000E+00
  o15      15.000   8   7   0.5     2.85560500
 1.00000E+00 1.00000E+00 1.00000E+00 1.00000E+00 1.00000E+00 1.00000E+00 1.00000E+00 1.00000E+00
 1.00000E+00 1.00000E+00 1.00000E+00 1.00000E+00 1.00000E+00 1.00000E+00 1.00000E+00 1.00000E+00
 1.00000E+00 1.00000E+00 1.00000E+00 1.00000E+00 1.00000E+00 1.00000E+00 1.00000E+00 1.00000E+00
  o16      16.000   8   8   0.0    -4.73700141
 1.00000E+00 1.00000E+00 1.00000E+00 1.00000E+00 1.00000E+00 1.00000E+00 1.00000E+00 1.00000E+00
 1.00000E+00 1.00000E+00 1.00000E+00 1.00000E+00 1.00000E+00 1.00000E+00 1.00000E+00 1.00000E+00
 1.00000E+00 1.00000E+00 1.00000E+00 1.00000E+00 1.00000E+00 1.00000E+00 1.00000E+00 1.00000E+00
  o17      17.000   8   9   2.5    -0.80876362
 1.00000E+00 1.00000E+00 1.00000E+00 1.00000E+00 1.00000E+00 1.00000E+00 1.00000E+00 1.00000E+00
 1.00000E+00 1.00000E+00 1.00000E+00 1.00000E+00 1.00000E+00 1.01000E+00 1.01000E+00 1.02000E+00
 1.03000E+00 1.04000E+00 1.04000E+00 1.06000E+00 1.08000E+00 1.10000E+00 1.13000E+00 1.15000E+00
  o18      18.000   8  10   0.0    -0.78281559
 1.00000E+00 1.00000E+00 1.00000E+00 1.00000E+00 1.00000E+00 1.00000E+00 1.00000E+00 1.00000E+00
 1.00000E+00 1.00000E+00 1.00000E+00 1.00000E+00 1.00000E+00 1.00000E+00 1.00000E+00 1.01000E+00
 1.02000E+00 1.03000E+00 1.05000E+00 1.12000E+00 1.22000E+00 1.36000E+00 1.53000E+00 1.73000E+00
  f17      17.000   9   8   2.5     1.95170100
 1.00000E+00 1.00000E+00 1.00000E+00 1.00000E+00 1.00000E+00 1.00000E+00 1.00000E+00 1.00000E+00
 1.00000E+00 1.00000E+00 1.00000E+00 1.01000E+00 1.02000E+00 1.03000E+00 1.05000E+00 1.06000E+00
 1.08000E+00 1.09000E+00 1.10000E+00 1.13000E+00 1.15000E+00 1.17000E+00 1.19000E+00 1.22000E+00
  f18      18.000   9   9   1.0     0.87311300
 1.00000E+00 1.00000E+00 1.00000E+00 1.00000E+00 1.00000E+00 1.00000E+00 1.00000E+00 1.00000E+00
 1.00000E+00 1.00000E+00 1.00000E+00 1.00000E+00 1.02000E+00 1.06000E+00 1.12000E+00 1.22000E+00
 1.33000E+00 1.47000E+00 1.61000E+00 1.92000E+00 2.24000E+00 2.55000E+00 2.84000E+00 3.12000E+00
  f19      19.000   9  10   0.5    -1.48744435
 1.00000E+00 1.00000E+00 1.00000E+00 1.02000E+00 1.05000E+00 1.11000E+00 1.20000E+00 1.29000E+00
 1.39000E+00 1.50000E+00 1.61000E+00 2.12000E+00 2.53000E+00 2.85000E+00 3.12000E+00 3.35000E+00
 3.57000E+00 3.77000E+00 3.96000E+00 4.35000E+00 4.72000E+00 5.10000E+00 5.46000E+00 5.83000E+00
 ne18      18.000  10   8   0.0     5.31762400
 1.00000E+00 1.00000E+00 1.00000E+00 1.00000E+00 1.00000E+00 1.00000E+00 1.00000E+00 1.00000E+00
 1.00000E+00 1.00000E+00 1.00000E+00 1.00000E+00 1.00000E+00 1.00000E+00 1.00000E+00 1.01000E+00
 1.02000E+00 1.04000E+00 1.07000E+00 1.15000E+00 1.28000E+00 1.45000E+00 1.66000E+00 1.93000E+00
 ne19      19.000  10   9   0.5     1.75205400
 1.00000E+00 1.00000E+00 1.00000E+00 1.00000E+00 1.00000E+00 1.01000E+00 1.03000E+00 1.07000E+00
 1.11000E+00 1.17000E+00 1.23000E+00 1.59000E+00 1.96000E+00 2.28000E+00 2.56000E+00 2.81000E+00
 3.03000E+00 3.25000E+00 3.46000E+00 3.86000E+00 4.27000E+00 4.69000E+00 5.13000E+00 5.60000E+00
 ne20      20.000  10  10   0.0    -7.04193061
 1.00000E+00 1.00000E+00 1.00000E+00 1.00000E+00 1.00000E+00 1.00000E+00 1.00000E+00 1.00000E+00
 1.00000E+00 1.00000E+00 1.00000E+00 1.00000E+00 1.00000E+00 1.00000E+00 1.01000E+00 1.02000E+00
 1.04000E+00 1.07000E+00 1.11000E+00 1.22000E+00 1.34000E+00 1.49000E+00 1.66000E+00 1.85000E+00
 ne21      21.000  10  11   1.5    -5.73177500
 1.00000E+00 1.00000E+00 1.00000E+00 1.00000E+00 1.00000E+00 1.00000E+00 1.00000E+00 1.00000E+00
 1.01000E+00 1.02000E+00 1.03000E+00 1.10000E+00 1.20000E+00 1.30000E+00 1.39000E+00 1.48000E+00
 1.56000E+00 1.63000E+00 1.71000E+00 1.85000E+00 1.99000E+00 2.15000E+00 2.32000E+00 2.51000E+00
 ne22      22.000  10  12   0.0    -8.02471400
 1.00000E+00 1.00000E+00 1.00000E+00 1.00000E+00 1.00000E+00 1.00000E+00 1.00000E+00 1.00000E+00
 1.00000E+00 1.00000E+00 1.00000E+00 1.00000E+00 1.00000E+00 1.01000E+00 1.04000E+00 1.07000E+00
 1.12000E+00 1.19000E+00 1.26000E+00 1.44000E+00 1.65000E+00 1.88000E+00 2.15000E+00 2.45000E+00
 na21      21.000  11  10   1.5    -2.18463600
 1.00000E+00 1.00000E+00 1.00000E+00 1.00000E+00 1.00000E+00 1.00000E+00 1.00000E+00 1.01000E+00
 1.01000E+00 1.02000E+00 1.03000E+00 1.12000E+00 1.22000E+00 1.32000E+00 1.42000E+00 1.51000E+00
 1.59000E+00 1.66000E+00 1.74000E+00 1.88000E+00 2.03000E+00 2.19000E+00 2.35000E+00 2.54000E+00
 na22      22.000  11  11   3.0    -5.18151800
 1.00000E+00 1.00000E+00 1.00000E+00 1.00000E+00 1.00000E+00 1.00000E+00 1.00000E+00 1.00000E+00
 1.00000E+00 1.00000E+00 1.00000E+00 1.01000E+00 1.03000E+00 1.06000E+00 1.10000E+00 1.16000E+00
 1.22000E+00 1.30000E+00 1.38000E+00 1.56000E+00 1.76000E+00 1.98000E+00 2.21000E+00 2.47000E+00
 na23      23.000  11  12   1.5    -9.52985256
 1.00000E+00 1.00000E+00 1.00000E+00 1.00000E+00 1.00000E+00 1.00000E+00 1.00000E+00 1.00000E+00
 1.00000E+00 1.01000E+00 1.01000E+00 1.05000E+00 1.12000E+00 1.19000E+00 1.27000E+00 1.35000E+00
 1.43000E+00 1.50000E+00 1.57000E+00 1.70000E+00 1.85000E+00 2.00000E+00 2.17000E+00 2.36000E+00
 mg23      23.000  12  11   1.5    -5.47326400
 1.00000E+00 1.00000E+00 1.00000E+00 1.00000E+00 1.00000E+00 1.00000E+00 1.00000E+00 1.00000E+00
 1.00000E+00 1.00000E+00 1.01000E+00 1.05000E+00 1.11000E+00 1.19000E+00 1.26000E+00 1.34000E+00
 1.41000E+00 1.48000E+00 1.55000E+00 1.69000E+00 1.82000E+00 1.97000E+00 2.12000E+00 2.29000E+00
 mg24      24.000  12  12   0.0   -13.93356900
 1.00000E+00 1.00000E+00 1.00000E+00 1.00000E+00 1.00000E+00 1.00000E+00 1.00000E+00 1.00000E+00
 1.00000E+00 1.00000E+00 1.00000E+00 1.00000E+00 1.00000E+00 1.01000E+00 1.03000E+00 1.05000E+00
 1.09000E+00 1.15000E+00 1.21000E+00 1.36000E+00 1.53000E+00 1.73000E+00 1.94000E+00 2.17000E+00
 mg25      25.000  12  13   2.5   -13.19277100
 1.00000E+00 1.00000E+00 1.00000E+00 1.00000E+00 1.00000E+00 1.00000E+00 1.00000E+00 1.00000E+00
 1.00000E+00 1.00000E+00 1.00000E+00 1.00000E+00 1.01000E+00 1.03000E+00 1.05000E+00 1.08000E+00
 1.12000E+00 1.16000E+00 1.20000E+00 1.31000E+00 1.43000E+00 1.58000E+00 1.74000E+00 1.93000E+00
 mg26      26.000  12  14   0.0   -16.21454500
 1.00000E+00 1.00000E+00 1.00000E+00 1.00000E+00 1.00000E+00 1.00000E+00 1.00000E+00 1.00000E+00
 1.00000E+00 1.00000E+00 1.00000E+00 1.00000E+00 1.00000E+00 1.00000E+00 1.00000E+00 1.01000E+00
 1.03000E+00 1.05000E+00 1.08000E+00 1.18000E+00 1.33000E+00 1.53000E+00 1.80000E+00 2.14000E+00
 al24      24.000  13  11   4.0    -0.04890100
 1.00000E+00 1.00000E+00 1.00000E+00 1.00000E+00 1.00000E+00 1.00000E+00 1.00000E+00 1.00000E+00
 1.00000E+00 1.00000E+00 1.00000E+00 1.02000E+00 1.05000E+00 1.08000E+00 1.12000E+00 1.17000E+00
 1.21000E+00 1.27000E+00 1.32000E+00 1.44000E+00 1.56000E+00 1.71000E+00 1.87000E+00 2.05000E+00
 al25      25.000  13  12   2.5    -8.91617400
 1.00000E+00 1.00000E+00 1.00000E+00 1.00000E+00 1.00000E+00 1.00000E+00 1.00000E+00 1.00000E+00
 1.00000E+00 1.00000E+00 1.00000E+00 1.01000E+00 1.03000E+00 1.05000E+00 1.08000E+00 1.11000E+00
 1.15000E+00 1.19000E+00 1.23000E+00 1.33000E+00 1.44000E+00 1.57000E+00 1.72000E+00 1.89000E+00
 al26      26.000  13  13   5.0   -12.21011200
 1.00000E+00 1.00000E+00 1.00000E+00 1.00001E+00 1.00012E+00 1.00049E+00 1.00130E+00 1.00270E+00
 1.00482E+00 1.00773E+00 1.01147E+00 1.04091E+00 1.08143E+00 1.12570E+00 1.17038E+00 1.21468E+00
 1.25903E+00 1.30430E+00 1.35149E+00 1.45517E+00 1.57619E+00 1.71938E+00 1.88907E+00 2.08986E+00
 al27      27.000  13  14   2.5   -17.19670400
 1.00000E+00 1.00000E+00 1.00000E+00 1.00000E+00 1.00000E+00 1.00000E+00 1.00000E+00 1.00000E+00
 1.00000E+00 1.00000E+00 1.00000E+00 1.00000E+00 1.00000E+00 1.01000E+00 1.03000E+00 1.04000E+00
 1.07000E+00 1.09000E+00 1.12000E+00 1.19000E+00 1.27000E+00 1.37000E+00 1.49000E+00 1.63000E+00
 si28      28.000  14  14   0.0   -21.49279474
 1.00000E+00 1.00000E+00 1.00000E+00 1.00000E+00 1.00000E+00 1.00000E+00 1.00000E+00 1.00000E+00
 1.00000E+00 1.00000E+00 1.00000E+00 1.00000E+00 1.00000E+00 1.00000E+00 1.01000E+00 1.01000E+00
 1.03000E+00 1.05000E+00 1.08000E+00 1.16000E+00 1.27000E+00 1.39000E+00 1.54000E+00 1.70000E+00
 si29      29.000  14  15   0.5   -21.89507897
 1.00000E+00 1.00000E+00 1.00000E+00 1.00000E+00 1.00000E+00 1.00000E+00 1.00000E+00 1.00000E+00
 1.00000E+00 1.00000E+00 1.00000E+00 1.00000E+00 1.00000E+00 1.01000E+00 1.02000E+00 1.03000E+00
 1.06000E+00 1.10000E+00 1.14000E+00 1.26000E+00 1.42000E+00 1.62000E+00 1.87000E+00 2.17000E+00
 si30      30.000  14  16   0.0   -24.43296100
 1.00000E+00 1.00000E+00 1.00000E+00 1.00000E+00 1.00000E+00 1.00000E+00 1.00000E+00 1.00000E+00
 1.00000E+00 1.00000E+00 1.00000E+00 1.00000E+00 1.00000E+00 1.00000E+00 1.00000E+00 1.00000E+00
 1.01000E+00 1.02000E+00 1.03000E+00 1.08000E+00 1.16000E+00 1.27000E+00 1.44000E+00 1.68000E+00
 si31      31.000  14  17   1.5   -22.94903600
 1.00000E+00 1.00000E+00 1.00000E+00 1.00000E+00 1.00000E+00 1.00000E+00 1.00000E+00 1.00000E+00
 1.00000E+00 1.00000E+00 1.00000E+00 1.00000E+00 1.01000E+00 1.02000E+00 1.03000E+00 1.05000E+00
 1.07000E+00 1.10000E+00 1.13000E+00 1.20000E+00 1.29000E+00 1.41000E+00 1.56000E+00 1.74000E+00
 si32      32.000  14  18   0.0   -24.07768700
 1.00000E+00 1.00000E+00 1.00000E+00 1.00000E+00 1.00000E+00 1.00000E+00 1.00000E+00 1.00000E+00
 1.00000E+00 1.00000E+00 1.00000E+00 1.00000E+00 1.00000E+00 1.00000E+00 1.00000E+00 1.01000E+00
 1.02000E+00 1.03000E+00 1.06000E+00 1.12000E+00 1.21000E+00 1.33000E+00 1.48000E+00 1.68000E+00
  p29      29.000  15  14   0.5   -16.95262400
 1.00000E+00 1.00000E+00 1.00000E+00 1.00000E+00 1.00000E+00 1.00000E+00 1.00000E+00 1.00000E+00
 1.00000E+00 1.00000E+00 1.00000E+00 1.00000E+00 1.00000E+00 1.00000E+00 1.01000E+00 1.03000E+00
 1.05000E+00 1.08000E+00 1.12000E+00 1.24000E+00 1.40000E+00 1.60000E+00 1.85000E+00 2.14000E+00
  p30      30.000  15  15   1.0   -20.20060800
 1.00000E+00 1.00000E+00 1.00000E+00 1.00000E+00 1.00000E+00 1.00000E+00 1.00000E+00 1.00000E+00
 1.00000E+00 1.00000E+00 1.00000E+00 1.01000E+00 1.02000E+00 1.05000E+00 1.10000E+00 1.15000E+00
 1.21000E+00 1.28000E+00 1.36000E+00 1.55000E+00 1.79000E+00 2.09000E+00 2.47000E+00 2.96000E+00
  p31      31.000  15  16   0.5   -24.44054128
 1.00000E+00 1.00000E+00 1.00000E+00 1.00000E+00 1.00000E+00 1.00000E+00 1.00000E+00 1.00000E+00
 1.00000E+00 1.00000E+00 1.00000E+00 1.00000E+00 1.00000E+00 1.01000E+00 1.02000E+00 1.03000E+00
 1.06000E+00 1.09000E+00 1.13000E+00 1.23000E+00 1.38000E+00 1.57000E+00 1.83000E+00 2.19000E+00
  p32      32.000  15  17   1.0   -24.30487400
 1.00000E+00 1.00000E+00 1.02000E+00 1.08000E+00 1.17000E+00 1.27000E+00 1.37000E+00 1.46000E+00
 1.54000E+00 1.61000E+00 1.67000E+00 1.92000E+00 2.08000E+00 2.20000E+00 2.30000E+00 2.40000E+00
 2.50000E+00 2.61000E+00 2.74000E+00 3.04000E+00 3.44000E+00 3.99000E+00 4.72000E+00 5.70000E+00
  p33      33.000  15  18   0.5   -26.33734700
 1.00000E+00 1.00000E+00 1.00000E+00 1.00000E+00 1.00000E+00 1.00000E+00 1.00000E+00 1.00000E+00
 1.00000E+00 1.00000E+00 1.00000E+00 1.00000E+00 1.00000E+00 1.00000E+00 1.01000E+00 1.02000E+00
 1.05000E+00 1.08000E+00 1.12000E+00 1.24000E+00 1.41000E+00 1.65000E+00 1.97000E+00 2.41000E+00
  s32      32.000  16  16   0.0   -26.01553374
 1.00000E+00 1.00000E+00 1.00000E+00 1.00000E+00 1.00000E+00 1.00000E+00 1.00000E+00 1.00000E+00
 1.00000E+00 1.00000E+00 1.00000E+00 1.00000E+00 1.00000E+00 1.00000E+00 1.00000E+00 1.00000E+00
 1.01000E+00 1.02000E+00 1.03000E+00 1.07000E+00 1.14000E+00 1.24000E+00 1.39000E+00 1.59000E+00
  s33      33.000  16  17   1.5   -26.58585454
 1.00000E+00 1.00000E+00 1.00000E+00 1.00000E+00 1.00000E+00 1.00000E+00 1.00000E+00 1.00000E+00
 1.00000E+00 1.00000E+00 1.00000E+00 1.00000E+00 1.00000E+00 1.01000E+00 1.02000E+00 1.03000E+00
 1.05000E+00 1.07000E+00 1.10000E+00 1.17000E+00 1.28000E+00 1.43000E+00 1.64000E+00 1.95000E+00
  s34      34.000  16  18   0.0   -29.93166200
 1.00000E+00 1.00000E+00 1.00000E+00 1.00000E+00 1.00000E+00 1.00000E+00 1.00000E+00 1.00000E+00
 1.00000E+00 1.00000E+00 1.00000E+00 1.00000E+00 1.00000E+00 1.00000E+00 1.00000E+00 1.00000E+00
 1.01000E+00 1.02000E+00 1.04000E+00 1.10000E+00 1.20000E+00 1.35000E+00 1.58000E+00 1.92000E+00
  s35      35.000  16  19   1.5   -28.84618100
 1.00000E+00 1.00000E+00 1.00000E+00 1.00000E+00 1.00000E+00 1.00000E+00 1.00000E+00 1.00000E+00
 1.00000E+00 1.00000E+00 1.00000E+00 1.00000E+00 1.00000E+00 1.00000E+00 1.00000E+00 1.01000E+00
 1.01000E+00 1.03000E+00 1.04000E+00 1.11000E+00 1.21000E+00 1.38000E+00 1.65000E+00 2.04000E+00
  s36      36.000  16  20   0.0   -30.66413200
 1.00000E+00 1.00000E+00 1.00000E+00 1.00000E+00 1.00000E+00 1.00000E+00 1.00000E+00 1.00000E+00
 1.00000E+00 1.00000E+00 1.00000E+00 1.00000E+00 1.00000E+00 1.00000E+00 1.00000E+00 1.00000E+00
 1.00000E+00 1.00000E+00 1.00000E+00 1.02000E+00 1.05000E+00 1.11000E+00 1.23000E+00 1.45000E+00
 cl33      33.000  17  16   1.5   -21.00326900
 1.00000E+00 1.00000E+00 1.00000E+00 1.00000E+00 1.00000E+00 1.00000E+00 1.00000E+00 1.00000E+00
 1.00000E+00 1.00000E+00 1.00000E+00 1.00000E+00 1.00000E+00 1.01000E+00 1.02000E+00 1.04000E+00
 1.06000E+00 1.08000E+00 1.10000E+00 1.18000E+00 1.28000E+00 1.43000E+00 1.63000E+00 1.92000E+00
 cl34      34.000  17  17   0.0   -24.44002800
 1.00000E+00 1.00000E+00 1.00000E+00 1.02000E+00 1.10000E+00 1.23000E+00 1.41000E+00 1.62000E+00
 1.84000E+00 2.07000E+00 2.30000E+00 3.36000E+00 4.27000E+00 5.06000E+00 5.76000E+00 6.40000E+00
 7.00000E+00 7.59000E+00 8.18000E+00 9.43000E+00 1.08700E+01 1.26600E+01 1.49500E+01 1.79500E+01
 cl35      35.000  17  18   1.5   -29.01351500
 1.00000E+00 1.00000E+00 1.00000E+00 1.00000E+00 1.00000E+00 1.00000E+00 1.00000E+00 1.00000E+00
 1.00000E+00 1.00000E+00 1.00000E+00 1.00000E+00 1.00000E+00 1.00000E+00 1.01000E+00 1.01000E+00
 1.03000E+00 1.04000E+00 1.06000E+00 1.13000E+00 1.23000E+00 1.38000E+00 1.60000E+00 1.91000E+00
 cl36      36.000  17  19   2.0   -29.52199200
 1.00000E+00 1.00000E+00 1.00000E+00 1.00000E+00 1.00000E+00 1.00000E+00 1.00000E+00 1.00000E+00
 1.00000E+00 1.00000E+00 1.00000E+00 1.00000E+00 1.02000E+00 1.04000E+00 1.08000E+00 1.12000E+00
 1.18000E+00 1.25000E+00 1.33000E+00 1.54000E+00 1.82000E+00 2.21000E+00 2.75000E+00 3.51000E+00
 cl37      37.000  17  20   1.5   -31.76154700
 1.00000E+00 1.00000E+00 1.00000E+00 1.00000E+00 1.00000E+00 1.00000E+00 1.00000E+00 1.00000E+00
 1.00000E+00 1.00000E+00 1.00000E+00 1.00000E+00 1.00000E+00 1.00000E+00 1.00000E+00 1.00000E+00
 1.00000E+00 1.01000E+00 1.01000E+00 1.04000E+00 1.08000E+00 1.17000E+00 1.33000E+00 1.61000E+00
 ar36      36.000  18  18   0.0   -30.23153800
 1.00000E+00 1.00000E+00 1.00000E+00 1.00000E+00 1.00000E+00 1.00000E+00 1.00000E+00 1.00000E+00
 1.00000E+00 1.00000E+00 1.00000E+00 1.00000E+00 1.00000E+00 1.00000E+00 1.00000E+00 1.01000E+00
 1.02000E+00 1.03000E+00 1.05000E+00 1.12000E+00 1.22000E+00 1.37000E+00 1.57000E+00 1.86000E+00
 ar37      37.000  18  19   1.5   -30.94767400
 1.00000E+00 1.00000E+00 1.00000E+00 1.00000E+00 1.00000E+00 1.00000E+00 1.00000E+00 1.00000E+00
 1.00000E+00 1.00000E+00 1.00000E+00 1.00000E+00 1.00000E+00 1.00000E+00 1.01000E+00 1.02000E+00
 1.03000E+00 1.06000E+00 1.09000E+00 1.19000E+00 1.36000E+00 1.60000E+00 1.97000E+00 2.50000E+00
 ar38      38.000  18  20   0.0   -34.71473500
 1.00000E+00 1.00000E+00 1.00000E+00 1.00000E+00 1.00000E+00 1.00000E+00 1.00000E+00 1.00000E+00
 1.00000E+00 1.00000E+00 1.00000E+00 1.00000E+00 1.00000E+00 1.00000E+00 1.00000E+00 1.00000E+00
 1.01000E+00 1.02000E+00 1.04000E+00 1.09000E+00 1.19000E+00 1.36000E+00 1.62000E+00 2.04000E+00
 ar39      39.000  18  21   3.5   -33.24219100
 1.00000E+00 1.00000E+00 1.00000E+00 1.00000E+00 1.00000E+00 1.00000E+00 1.00000E+00 1.00000E+00
 1.00000E+00 1.00000E+00 1.00000E+00 1.00000E+00 1.00000E+00 1.00000E+00 1.01000E+00 1.01000E+00
 1.03000E+00 1.04000E+00 1.07000E+00 1.15000E+00 1.28000E+00 1.47000E+00 1.76000E+00 2.17000E+00
 ar40      40.000  18  22   0.0   -35.03989491
 1.00000E+00 1.00000E+00 1.00000E+00 1.00000E+00 1.00000E+00 1.00000E+00 1.00000E+00 1.00000E+00
 1.00000E+00 1.00000E+00 1.00000E+00 1.00000E+00 1.00000E+00 1.01000E+00 1.02000E+00 1.04000E+00
 1.08000E+00 1.14000E+00 1.22000E+00 1.46000E+00 1.83000E+00 2.37000E+00 3.15000E+00 4.23000E+00
  k37      37.000  19  18   1.5   -24.80019800
 1.00000E+00 1.00000E+00 1.00000E+00 1.00000E+00 1.00000E+00 1.00000E+00 1.00000E+00 1.00000E+00
 1.00000E+00 1.00000E+00 1.00000E+00 1.00000E+00 1.00000E+00 1.00000E+00 1.01000E+00 1.03000E+00
 1.05000E+00 1.08000E+00 1.13000E+00 1.24000E+00 1.42000E+00 1.68000E+00 2.04000E+00 2.57000E+00
  k38      38.000  19  19   3.0   -28.80068000
 1.00000E+00 1.00000E+00 1.00000E+00 1.00000E+00 1.00000E+00 1.01000E+00 1.01000E+00 1.02000E+00
 1.02000E+00 1.03000E+00 1.03000E+00 1.06000E+00 1.10000E+00 1.13000E+00 1.16000E+00 1.19000E+00
 1.22000E+00 1.24000E+00 1.27000E+00 1.35000E+00 1.46000E+00 1.63000E+00 1.89000E+00 2.30000E+00
  k39      39.000  19  20   1.5   -33.80719052
 1.00000E+00 1.00000E+00 1.00000E+00 1.00000E+00 1.00000E+00 1.00000E+00 1.00000E+00 1.00000E+00
 1.00000E+00 1.00000E+00 1.00000E+00 1.00000E+00 1.00000E+00 1.00000E+00 1.00000E+00 1.00000E+00
 1.00000E+00 1.00000E+00 1.01000E+00 1.03000E+00 1.07000E+00 1.15000E+00 1.30000E+00 1.55000E+00
  k40      40.000  19  21   4.0   -33.53549200
 1.02000E+00 1.08000E+00 1.14000E+00 1.25000E+00 1.33000E+00 1.39000E+00 1.44000E+00 1.47000E+00
 1.50000E+00 1.53000E+00 1.55000E+00 1.62000E+00 1.67000E+00 1.71000E+00 1.76000E+00 1.81000E+00
 1.87000E+00 1.95000E+00 2.03000E+00 2.23000E+00 2.51000E+00 2.90000E+00 3.44000E+00 4.19000E+00
  k41      41.000  19  22   1.5   -35.55954353
 1.00000E+00 1.00000E+00 1.00000E+00 1.00000E+00 1.00000E+00 1.00000E+00 1.00000E+00 1.00000E+00
 1.00000E+00 1.00000E+00 1.00000E+00 1.00000E+00 1.00000E+00 1.01000E+00 1.04000E+00 1.08000E+00
 1.15000E+00 1.24000E+00 1.36000E+00 1.71000E+00 2.22000E+00 2.92000E+00 3.85000E+00 5.10000E+00
 ca40      40.000  20  20   0.0   -34.84638700
 1.00000E+00 1.00000E+00 1.00000E+00 1.00000E+00 1.00000E+00 1.00000E+00 1.00000E+00 1.00000E+00
 1.00000E+00 1.00000E+00 1.00000E+00 1.00000E+00 1.00000E+00 1.00000E+00 1.00000E+00 1.00000E+00
 1.00000E+00 1.00000E+00 1.00000E+00 1.01000E+00 1.04000E+00 1.09000E+00 1.20000E+00 1.38000E+00
 ca41      41.000  20  21   3.5   -35.13791900
 1.00000E+00 1.00000E+00 1.00000E+00 1.00000E+00 1.00000E+00 1.00000E+00 1.00000E+00 1.00000E+00
 1.00000E+00 1.00000E+00 1.00000E+00 1.00000E+00 1.00000E+00 1.00000E+00 1.00000E+00 1.00000E+00
 1.01000E+00 1.01000E+00 1.02000E+00 1.06000E+00 1.14000E+00 1.28000E+00 1.50000E+00 1.83000E+00
 ca42      42.000  20  22   0.0   -38.54727900
 1.00000E+00 1.00000E+00 1.00000E+00 1.00000E+00 1.00000E+00 1.00000E+00 1.00000E+00 1.00000E+00
 1.00000E+00 1.00000E+00 1.00000E+00 1.00000E+00 1.00000E+00 1.00000E+00 1.02000E+00 1.04000E+00
 1.08000E+00 1.13000E+00 1.22000E+00 1.48000E+00 1.90000E+00 2.53000E+00 3.43000E+00 4.68000E+00
 ca43      43.000  20  23   3.5   -38.40890700
 1.00000E+00 1.00000E+00 1.00000E+00 1.00000E+00 1.00000E+00 1.00000E+00 1.00000E+00 1.00000E+00
 1.00000E+00 1.01000E+00 1.01000E+00 1.05000E+00 1.10000E+00 1.17000E+00 1.25000E+00 1.33000E+00
 1.42000E+00 1.52000E+00 1.63000E+00 1.91000E+00 2.25000E+00 2.69000E+00 3.27000E+00 4.02000E+00
 ca44      44.000  20  24   0.0   -41.46886000
 1.00000E+00 1.00000E+00 1.00000E+00 1.00000E+00 1.00000E+00 1.00000E+00 1.00000E+00 1.00000E+00
 1.00000E+00 1.00000E+00 1.00000E+00 1.00000E+00 1.01000E+00 1.02000E+00 1.06000E+00 1.12000E+00
 1.20000E+00 1.30000E+00 1.44000E+00 1.80000E+00 2.32000E+00 3.03000E+00 4.00000E+00 5.34000E+00
 ca45      45.000  20  25   3.5   -40.81234600
 1.00000E+00 1.00000E+00 1.00000E+00 1.00000E+00 1.00000E+00 1.01000E+00 1.03000E+00 1.04000E+00
 1.06000E+00 1.08000E+00 1.10000E+00 1.19000E+00 1.27000E+00 1.34000E+00 1.39000E+00 1.44000E+00
 1.49000E+00 1.54000E+00 1.61000E+00 1.76000E+00 1.97000E+00 2.26000E+00 2.69000E+00 3.30000E+00
 ca46      46.000  20  26   0.0   -43.13998800
 1.00000E+00 1.00000E+00 1.00000E+00 1.00000E+00 1.00000E+00 1.00000E+00 1.00000E+00 1.00000E+00
 1.00000E+00 1.00000E+00 1.00000E+00 1.00000E+00 1.00000E+00 1.01000E+00 1.03000E+00 1.06000E+00
 1.11000E+00 1.18000E+00 1.27000E+00 1.53000E+00 1.92000E+00 2.50000E+00 3.33000E+00 4.54000E+00
 ca47      47.000  20  27   3.5   -42.34503000
 1.00000E+00 1.00000E+00 1.00000E+00 1.00000E+00 1.00000E+00 1.00000E+00 1.00000E+00 1.00000E+00
 1.00000E+00 1.00000E+00 1.00000E+00 1.00000E+00 1.00000E+00 1.00000E+00 1.00000E+00 1.00000E+00
 1.00000E+00 1.00000E+00 1.01000E+00 1.03000E+00 1.07000E+00 1.15000E+00 1.31000E+00 1.59000E+00
 ca48      48.000  20  28   0.0   -44.22348700
 1.00000E+00 1.00000E+00 1.00000E+00 1.00000E+00 1.00000E+00 1.00000E+00 1.00000E+00 1.00000E+00
 1.00000E+00 1.00000E+00 1.00000E+00 1.00000E+00 1.00000E+00 1.00000E+00 1.00000E+00 1.00000E+00
 1.00000E+00 1.00000E+00 1.00000E+00 1.01000E+00 1.03000E+00 1.08000E+00 1.19000E+00 1.43000E+00
 sc43      43.000  21  22   3.5   -36.18813700
 1.00000E+00 1.00000E+00 1.00000E+00 1.00000E+00 1.01000E+00 1.01000E+00 1.03000E+00 1.04000E+00
 1.06000E+00 1.07000E+00 1.09000E+00 1.17000E+00 1.25000E+00 1.34000E+00 1.45000E+00 1.57000E+00
 1.70000E+00 1.85000E+00 2.02000E+00 2.43000E+00 2.93000E+00 3.56000E+00 4.36000E+00 5.40000E+00
 sc44      44.000  21  23   2.0   -37.81636100
 1.00000E+00 1.00000E+00 1.01000E+00 1.04000E+00 1.09000E+00 1.14000E+00 1.20000E+00 1.27000E+00
 1.35000E+00 1.44000E+00 1.53000E+00 2.12000E+00 2.80000E+00 3.52000E+00 4.24000E+00 4.96000E+00
 5.68000E+00 6.40000E+00 7.13000E+00 8.64000E+00 1.02800E+01 1.21900E+01 1.45300E+01 1.75100E+01
 sc45      45.000  21  24   3.5   -41.07036400
 1.12000E+00 1.19000E+00 1.24000E+00 1.31000E+00 1.35000E+00 1.38000E+00 1.39000E+00 1.41000E+00
 1.42000E+00 1.43000E+00 1.44000E+00 1.50000E+00 1.57000E+00 1.68000E+00 1.80000E+00 1.96000E+00
 2.13000E+00 2.33000E+00 2.56000E+00 3.07000E+00 3.68000E+00 4.43000E+00 5.36000E+00 6.58000E+00
 sc46      46.000  21  25   4.0   -41.75968700
 1.00000E+00 1.03000E+00 1.07000E+00 1.19000E+00 1.33000E+00 1.45000E+00 1.57000E+00 1.68000E+00
 1.78000E+00 1.88000E+00 1.98000E+00 2.45000E+00 2.89000E+00 3.33000E+00 3.76000E+00 4.19000E+00
 4.64000E+00 5.09000E+00 5.55000E+00 6.54000E+00 7.65000E+00 8.95000E+00 1.05600E+01 1.26400E+01
 sc47      47.000  21  26   3.5   -44.33679800
 1.00000E+00 1.00000E+00 1.00000E+00 1.00000E+00 1.00000E+00 1.00000E+00 1.00000E+00 1.00000E+00
 1.00000E+00 1.00000E+00 1.00000E+00 1.00000E+00 1.01000E+00 1.04000E+00 1.07000E+00 1.12000E+00
 1.18000E+00 1.26000E+00 1.35000E+00 1.58000E+00 1.89000E+00 2.33000E+00 2.94000E+00 3.82000E+00
 sc48      48.000  21  27   6.0   -44.50279900
 1.00000E+00 1.00000E+00 1.00000E+00 1.01000E+00 1.02000E+00 1.04000E+00 1.07000E+00 1.11000E+00
 1.15000E+00 1.19000E+00 1.23000E+00 1.43000E+00 1.62000E+00 1.79000E+00 1.95000E+00 2.10000E+00
 2.25000E+00 2.40000E+00 2.57000E+00 2.94000E+00 3.40000E+00 4.01000E+00 4.83000E+00 5.96000E+00
 sc49      49.000  21  28   3.5   -46.56018000
 1.00000E+00 1.00000E+00 1.00000E+00 1.00000E+00 1.00000E+00 1.00000E+00 1.00000E+00 1.00000E+00
 1.00000E+00 1.00000E+00 1.00000E+00 1.00000E+00 1.00000E+00 1.00000E+00 1.00000E+00 1.00000E+00
 1.00000E+00 1.00000E+00 1.01000E+00 1.02000E+00 1.07000E+00 1.16000E+00 1.36000E+00 1.71000E+00
 ti44      44.000  22  22   0.0   -37.54857100
 1.00000E+00 1.00000E+00 1.00000E+00 1.00000E+00 1.00000E+00 1.00000E+00 1.00000E+00 1.00000E+00
 1.00000E+00 1.00000E+00 1.00000E+00 1.00000E+00 1.01000E+00 1.03000E+00 1.08000E+00 1.14000E+00
 1.23000E+00 1.35000E+00 1.49000E+00 1.85000E+00 2.35000E+00 3.01000E+00 3.86000E+00 4.94000E+00
 ti45      45.000  22  23   3.5   -39.00830900
 1.01000E+00 1.06000E+00 1.13000E+00 1.28000E+00 1.41000E+00 1.51000E+00 1.59000E+00 1.66000E+00
 1.72000E+00 1.77000E+00 1.81000E+00 1.97000E+00 2.09000E+00 2.19000E+00 2.28000E+00 2.39000E+00
 2.50000E+00 2.62000E+00 2.76000E+00 3.09000E+00 3.53000E+00 4.11000E+00 4.90000E+00 6.02000E+00
 ti46      46.000  22  24   0.0   -44.12700500
 1.00000E+00 1.00000E+00 1.00000E+00 1.00000E+00 1.00000E+00 1.00000E+00 1.00000E+00 1.00000E+00
 1.00000E+00 1.00000E+00 1.00000E+00 1.01000E+00 1.03000E+00 1.08000E+00 1.16000E+00 1.27000E+00
 1.41000E+00 1.57000E+00 1.75000E+00 2.19000E+00 2.75000E+00 3.48000E+00 4.47000E+00 5.85000E+00
 ti47      47.000  22  25   2.5   -44.93643000
 1.00000E+00 1.00000E+00 1.00000E+00 1.00000E+00 1.01000E+00 1.03000E+00 1.06000E+00 1.09000E+00
 1.13000E+00 1.17000E+00 1.21000E+00 1.39000E+00 1.53000E+00 1.65000E+00 1.75000E+00 1.85000E+00
 1.95000E+00 2.07000E+00 2.20000E+00 2.51000E+00 2.93000E+00 3.51000E+00 4.33000E+00 5.50000E+00
 ti48      48.000  22  26   0.0   -48.49176500
 1.00000E+00 1.00000E+00 1.00000E+00 1.00000E+00 1.00000E+00 1.00000E+00 1.00000E+00 1.00000E+00
 1.00000E+00 1.00000E+00 1.00000E+00 1.00000E+00 1.02000E+00 1.05000E+00 1.11000E+00 1.20000E+00
 1.31000E+00 1.45000E+00 1.61000E+00 2.05000E+00 2.68000E+00 3.59000E+00 4.89000E+00 6.75000E+00
 ti49      49.000  22  27   3.5   -48.56284100
 1.00000E+00 1.00000E+00 1.00000E+00 1.00000E+00 1.00000E+00 1.00000E+00 1.00000E+00 1.00000E+00
 1.00000E+00 1.00000E+00 1.00000E+00 1.00000E+00 1.00000E+00 1.00000E+00 1.01000E+00 1.03000E+00
 1.06000E+00 1.11000E+00 1.17000E+00 1.34000E+00 1.61000E+00 1.99000E+00 2.54000E+00 3.33000E+00
 ti50      50.000  22  28   0.0   -51.43071200
 1.00000E+00 1.00000E+00 1.00000E+00 1.00000E+00 1.00000E+00 1.00000E+00 1.00000E+00 1.00000E+00
 1.00000E+00 1.00000E+00 1.00000E+00 1.00000E+00 1.00000E+00 1.00000E+00 1.01000E+00 1.03000E+00
 1.06000E+00 1.10000E+00 1.17000E+00 1.35000E+00 1.63000E+00 2.07000E+00 2.74000E+00 3.80000E+00
  v46      46.000  23  23   0.0   -37.07440900
 1.00000E+00 1.00000E+00 1.00000E+00 1.00000E+00 1.00000E+00 1.00000E+00 1.00000E+00 1.00000E+00
 1.00000E+00 1.00000E+00 1.00000E+00 1.02000E+00 1.12000E+00 1.37000E+00 1.82000E+00 2.48000E+00
 3.35000E+00 4.44000E+00 5.74000E+00 8.95000E+00 1.30600E+01 1.83100E+01 2.51800E+01 3.44900E+01
  v47      47.000  23  24   1.5   -42.00561300
 1.00000E+00 1.00000E+00 1.01000E+00 1.06000E+00 1.15000E+00 1.27000E+00 1.40000E+00 1.54000E+00
 1.69000E+00 1.83000E+00 1.96000E+00 2.55000E+00 3.02000E+00 3.41000E+00 3.76000E+00 4.09000E+00
 4.42000E+00 4.75000E+00 5.11000E+00 5.92000E+00 6.95000E+00 8.31000E+00 1.02000E+01 1.29000E+01
  v48      48.000  23  25   4.0   -44.47643900
 1.00000E+00 1.00000E+00 1.00000E+00 1.00000E+00 1.00000E+00 1.00000E+00 1.00000E+00 1.00000E+00
 1.01000E+00 1.02000E+00 1.03000E+00 1.14000E+00 1.34000E+00 1.60000E+00 1.91000E+00 2.26000E+00
 2.63000E+00 3.02000E+00 3.43000E+00 4.30000E+00 5.28000E+00 6.42000E+00 7.84000E+00 9.66000E+00
  v49      49.000  23  26   3.5   -47.96098500
 1.00000E+00 1.00000E+00 1.00000E+00 1.02000E+00 1.06000E+00 1.11000E+00 1.16000E+00 1.21000E+00
 1.26000E+00 1.30000E+00 1.35000E+00 1.53000E+00 1.66000E+00 1.78000E+00 1.90000E+00 2.02000E+00
 2.16000E+00 2.32000E+00 2.51000E+00 2.96000E+00 3.54000E+00 4.31000E+00 5.35000E+00 6.80000E+00
  v50      50.000  23  27   6.0   -49.22407300
 1.00000E+00 1.00000E+00 1.00000E+00 1.00000E+00 1.00000E+00 1.01000E+00 1.01000E+00 1.03000E+00
 1.04000E+00 1.07000E+00 1.09000E+00 1.26000E+00 1.46000E+00 1.67000E+00 1.88000E+00 2.09000E+00
 2.30000E+00 2.52000E+00 2.74000E+00 3.24000E+00 3.84000E+00 4.58000E+00 5.55000E+00 6.88000E+00
  v51      51.000  23  28   3.5   -52.20390200
 1.00000E+00 1.00000E+00 1.00000E+00 1.00000E+00 1.00000E+00 1.00000E+00 1.00000E+00 1.00000E+00
 1.01000E+00 1.01000E+00 1.02000E+00 1.06000E+00 1.12000E+00 1.18000E+00 1.24000E+00 1.29000E+00
 1.35000E+00 1.42000E+00 1.49000E+00 1.66000E+00 1.89000E+00 2.22000E+00 2.71000E+00 3.45000E+00
 cr48      48.000  24  24   0.0   -42.82162000
 1.00000E+00 1.00000E+00 1.00000E+00 1.00000E+00 1.00000E+00 1.00000E+00 1.00000E+00 1.00000E+00
 1.00000E+00 1.00000E+00 1.00000E+00 1.01000E+00 1.06000E+00 1.15000E+00 1.28000E+00 1.43000E+00
 1.61000E+00 1.80000E+00 2.00000E+00 2.46000E+00 3.00000E+00 3.63000E+00 4.44000E+00 5.54000E+00
 cr49      49.000  24  25   2.5   -45.33292400
 1.00000E+00 1.00000E+00 1.00000E+00 1.00000E+00 1.00000E+00 1.00000E+00 1.01000E+00 1.01000E+00
 1.03000E+00 1.04000E+00 1.06000E+00 1.16000E+00 1.28000E+00 1.39000E+00 1.50000E+00 1.61000E+00
 1.71000E+00 1.83000E+00 1.95000E+00 2.23000E+00 2.58000E+00 3.04000E+00 3.70000E+00 4.68000E+00
 cr50      50.000  24  26   0.0   -50.26193900
 1.00000E+00 1.00000E+00 1.00000E+00 1.00000E+00 1.00000E+00 1.00000E+00 1.00000E+00 1.00000E+00
 1.00000E+00 1.00000E+00 1.00000E+00 1.01000E+00 1.05000E+00 1.13000E+00 1.25000E+00 1.39000E+00
 1.56000E+00 1.75000E+00 1.96000E+00 2.49000E+00 3.19000E+00 4.16000E+00 5.56000E+00 7.64000E+00
 cr51      51.000  24  27   3.5   -51.45127900
 1.00000E+00 1.00000E+00 1.00000E+00 1.00000E+00 1.00000E+00 1.00000E+00 1.00000E+00 1.00000E+00
 1.00000E+00 1.00000E+00 1.00000E+00 1.00000E+00 1.01000E+00 1.03000E+00 1.07000E+00 1.12000E+00
 1.19000E+00 1.27000E+00 1.38000E+00 1.66000E+00 2.05000E+00 2.59000E+00 3.34000E+00 4.40000E+00
 cr52      52.000  24  28   0.0   -55.41806700
 1.00000E+00 1.00000E+00 1.00000E+00 1.00000E+00 1.00000E+00 1.00000E+00 1.00000E+00 1.00000E+00
 1.00000E+00 1.00000E+00 1.00000E+00 1.00000E+00 1.00000E+00 1.01000E+00 1.02000E+00 1.05000E+00
 1.10000E+00 1.17000E+00 1.27000E+00 1.58000E+00 2.10000E+00 2.92000E+00 4.14000E+00 5.98000E+00
 cr53      53.000  24  29   1.5   -55.28587300
 1.00000E+00 1.00000E+00 1.00000E+00 1.00000E+00 1.00000E+00 1.00000E+00 1.00000E+00 1.00000E+00
 1.00000E+00 1.00000E+00 1.00000E+00 1.01000E+00 1.02000E+00 1.06000E+00 1.11000E+00 1.18000E+00
 1.27000E+00 1.39000E+00 1.53000E+00 1.91000E+00 2.45000E+00 3.22000E+00 4.34000E+00 5.99000E+00
 cr54      54.000  24  30   0.0   -56.93367600
 1.00000E+00 1.00000E+00 1.00000E+00 1.00000E+00 1.00000E+00 1.00000E+00 1.00000E+00 1.00000E+00
 1.00000E+00 1.00000E+00 1.00000E+00 1.01000E+00 1.04000E+00 1.11000E+00 1.21000E+00 1.34000E+00
 1.50000E+00 1.68000E+00 1.89000E+00 2.42000E+00 3.13000E+00 4.13000E+00 5.62000E+00 7.95000E+00
 mn50      50.000  25  25   0.0   -42.62746200
 1.00000E+00 1.00000E+00 1.00000E+00 1.00000E+00 1.01000E+00 1.05000E+00 1.13000E+00 1.25000E+00
 1.40000E+00 1.58000E+00 1.78000E+00 2.95000E+00 4.23000E+00 5.53000E+00 6.83000E+00 8.13000E+00
 9.44000E+00 1.08000E+01 1.22300E+01 1.54600E+01 1.94900E+01 2.48700E+01 3.23700E+01 4.31800E+01
 mn51      51.000  25  26   2.5   -48.24370700
 1.00000E+00 1.00000E+00 1.00000E+00 1.00000E+00 1.00000E+00 1.01000E+00 1.01000E+00 1.03000E+00
 1.04000E+00 1.06000E+00 1.09000E+00 1.21000E+00 1.34000E+00 1.45000E+00 1.56000E+00 1.67000E+00
 1.77000E+00 1.89000E+00 2.02000E+00 2.31000E+00 2.71000E+00 3.25000E+00 4.02000E+00 5.15000E+00
 mn52      52.000  25  27   6.0   -50.70682500
 1.00000E+00 1.00000E+00 1.00000E+00 1.00000E+00 1.00000E+00 1.00000E+00 1.00000E+00 1.00000E+00
 1.00000E+00 1.00000E+00 1.01000E+00 1.03000E+00 1.09000E+00 1.19000E+00 1.32000E+00 1.48000E+00
 1.66000E+00 1.86000E+00 2.08000E+00 2.57000E+00 3.15000E+00 3.87000E+00 4.79000E+00 6.02000E+00
 mn53      53.000  25  28   3.5   -54.68902200
 1.00000E+00 1.00000E+00 1.00000E+00 1.00000E+00 1.00000E+00 1.00000E+00 1.00000E+00 1.00000E+00
 1.00000E+00 1.01000E+00 1.01000E+00 1.04000E+00 1.08000E+00 1.13000E+00 1.19000E+00 1.24000E+00
 1.30000E+00 1.37000E+00 1.44000E+00 1.63000E+00 1.89000E+00 2.27000E+00 2.82000E+00 3.66000E+00
 mn54      54.000  25  29   3.0   -55.55650200
 1.00000E+00 1.01000E+00 1.03000E+00 1.09000E+00 1.16000E+00 1.23000E+00 1.31000E+00 1.39000E+00
 1.47000E+00 1.54000E+00 1.62000E+00 1.99000E+00 2.34000E+00 2.68000E+00 3.01000E+00 3.36000E+00
 3.72000E+00 4.11000E+00 4.53000E+00 5.49000E+00 6.68000E+00 8.20000E+00 1.02500E+01 1.31000E+01
 mn55      55.000  25  30   2.5   -57.71170100
 1.00000E+00 1.00000E+00 1.00000E+00 1.01000E+00 1.03000E+00 1.07000E+00 1.12000E+00 1.17000E+00
 1.21000E+00 1.26000E+00 1.31000E+00 1.50000E+00 1.65000E+00 1.77000E+00 1.88000E+00 1.99000E+00
 2.10000E+00 2.23000E+00 2.37000E+00 2.74000E+00 3.25000E+00 4.00000E+00 5.14000E+00 6.94000E+00
 fe52      52.000  26  26   0.0   -48.33299600
 1.00000E+00 1.00000E+00 1.00000E+00 1.00000E+00 1.00000E+00 1.00000E+00 1.00000E+00 1.00000E+00
 1.00000E+00 1.00000E+00 1.00000E+00 1.01000E+00 1.04000E+00 1.10000E+00 1.19000E+00 1.30000E+00
 1.44000E+00 1.58000E+00 1.74000E+00 2.10000E+00 2.51000E+00 3.00000E+00 3.65000E+00 4.57000E+00
 fe53      53.000  26  27   3.5   -50.94670500
 1.00000E+00 1.00000E+00 1.00000E+00 1.00000E+00 1.00000E+00 1.00000E+00 1.00000E+00 1.00000E+00
 1.00000E+00 1.00000E+00 1.00000E+00 1.00000E+00 1.01000E+00 1.03000E+00 1.05000E+00 1.09000E+00
 1.14000E+00 1.20000E+00 1.27000E+00 1.46000E+00 1.74000E+00 2.13000E+00 2.72000E+00 3.58000E+00
 fe54      54.000  26  28   0.0   -56.25383800
 1.00000E+00 1.00000E+00 1.00000E+00 1.00000E+00 1.00000E+00 1.00000E+00 1.00000E+00 1.00000E+00
 1.00000E+00 1.00000E+00 1.00000E+00 1.00000E+00 1.00000E+00 1.01000E+00 1.02000E+00 1.05000E+00
 1.10000E+00 1.16000E+00 1.26000E+00 1.55000E+00 2.02000E+00 2.75000E+00 3.85000E+00 5.54000E+00
 fe55      55.000  26  29   1.5   -57.48061100
 1.00000E+00 1.00000E+00 1.00000E+00 1.00000E+00 1.00000E+00 1.00000E+00 1.00000E+00 1.00000E+00
 1.00000E+00 1.00000E+00 1.00000E+00 1.02000E+00 1.05000E+00 1.10000E+00 1.17000E+00 1.25000E+00
 1.35000E+00 1.48000E+00 1.62000E+00 2.01000E+00 2.54000E+00 3.29000E+00 4.39000E+00 6.02000E+00
 fe56      56.000  26  30   0.0   -60.60639500
 1.00000E+00 1.00000E+00 1.00000E+00 1.00000E+00 1.00000E+00 1.00000E+00 1.00000E+00 1.00000E+00
 1.00000E+00 1.00000E+00 1.00000E+00 1.01000E+00 1.04000E+00 1.10000E+00 1.19000E+00 1.31000E+00
 1.46000E+00 1.63000E+00 1.83000E+00 2.34000E+00 3.08000E+00 4.17000E+00 5.83000E+00 8.41000E+00
 fe57      57.000  26  31   0.5   -60.18115400
 1.38000E+00 1.66000E+00 1.87000E+00 2.16000E+00 2.37000E+00 2.56000E+00 2.73000E+00 2.89000E+00
 3.05000E+00 3.20000E+00 3.34000E+00 3.96000E+00 4.50000E+00 5.00000E+00 5.48000E+00 5.96000E+00
 6.46000E+00 6.99000E+00 7.56000E+00 8.90000E+00 1.06900E+01 1.32700E+01 1.71900E+01 2.33900E+01
 fe58      58.000  26  32   0.0   -62.15444000
 1.00000E+00 1.00000E+00 1.00000E+00 1.00000E+00 1.00000E+00 1.00000E+00 1.00000E+00 1.00000E+00
 1.00000E+00 1.00000E+00 1.00000E+00 1.01000E+00 1.05000E+00 1.12000E+00 1.23000E+00 1.38000E+00
 1.56000E+00 1.79000E+00 2.05000E+00 2.75000E+00 3.73000E+00 5.17000E+00 7.37000E+00 1.09500E+01
 co53      53.000  27  26   3.5   -42.65859900
 1.00000E+00 1.00000E+00 1.00000E+00 1.00000E+00 1.00000E+00 1.00000E+00 1.00000E+00 1.00000E+00
 1.00000E+00 1.00000E+00 1.00000E+00 1.00000E+00 1.00000E+00 1.00000E+00 1.00000E+00 1.00000E+00
 1.00000E+00 1.00000E+00 1.00000E+00 1.01000E+00 1.04000E+00 1.10000E+00 1.24000E+00 1.52000E+00
 co54      54.000  27  27   0.0   -48.00929100
 1.00000E+00 1.00000E+00 1.00000E+00 1.01000E+00 1.05000E+00 1.15000E+00 1.32000E+00 1.55000E+00
 1.84000E+00 2.15000E+00 2.49000E+00 4.22000E+00 5.74000E+00 7.01000E+00 8.08000E+00 9.04000E+00
 9.93000E+00 1.08300E+01 1.17600E+01 1.39400E+01 1.68600E+01 2.09900E+01 2.70300E+01 3.60100E+01
 co55      55.000  27  28   3.5   -54.02922900
 1.00000E+00 1.00000E+00 1.00000E+00 1.00000E+00 1.00000E+00 1.00000E+00 1.00000E+00 1.00000E+00
 1.00000E+00 1.00000E+00 1.00000E+00 1.00000E+00 1.00000E+00 1.00000E+00 1.00000E+00 1.00000E+00
 1.00000E+00 1.01000E+00 1.01000E+00 1.05000E+00 1.12000E+00 1.26000E+00 1.52000E+00 1.96000E+00
 co56      56.000  27  29   4.0   -56.03976800
 1.00000E+00 1.00000E+00 1.00000E+00 1.00000E+00 1.01000E+00 1.02000E+00 1.04000E+00 1.06000E+00
 1.08000E+00 1.10000E+00 1.13000E+00 1.25000E+00 1.37000E+00 1.50000E+00 1.65000E+00 1.81000E+00
 1.99000E+00 2.18000E+00 2.39000E+00 2.90000E+00 3.55000E+00 4.42000E+00 5.64000E+00 7.39000E+00
 co57      57.000  27  30   3.5   -59.34491700
 1.00000E+00 1.00000E+00 1.00000E+00 1.00000E+00 1.00000E+00 1.00000E+00 1.00000E+00 1.00000E+00
 1.00000E+00 1.00000E+00 1.00000E+00 1.00000E+00 1.00000E+00 1.01000E+00 1.02000E+00 1.04000E+00
 1.08000E+00 1.13000E+00 1.20000E+00 1.40000E+00 1.73000E+00 2.22000E+00 2.98000E+00 4.15000E+00
 co58      58.000  27  31   2.0   -59.84652600
 1.13000E+00 1.35000E+00 1.60000E+00 2.09000E+00 2.51000E+00 2.87000E+00 3.17000E+00 3.43000E+00
 3.66000E+00 3.87000E+00 4.06000E+00 4.86000E+00 5.52000E+00 6.12000E+00 6.69000E+00 7.24000E+00
 7.81000E+00 8.42000E+00 9.08000E+00 1.06700E+01 1.28200E+01 1.58700E+01 2.03500E+01 2.70800E+01
 co59      59.000  27  32   3.5   -62.22908700
 1.00000E+00 1.00000E+00 1.00000E+00 1.00000E+00 1.00000E+00 1.00000E+00 1.00000E+00 1.00000E+00
 1.00000E+00 1.00000E+00 1.00000E+00 1.00000E+00 1.00000E+00 1.01000E+00 1.03000E+00 1.07000E+00
 1.13000E+00 1.21000E+00 1.32000E+00 1.63000E+00 2.13000E+00 2.92000E+00 4.18000E+00 6.25000E+00
 ni56      56.000  28  28   0.0   -53.90688100
 1.00000E+00 1.00000E+00 1.00000E+00 1.00000E+00 1.00000E+00 1.00000E+00 1.00000E+00 1.00000E+00
 1.00000E+00 1.00000E+00 1.00000E+00 1.00000E+00 1.00000E+00 1.00000E+00 1.00000E+00 1.00000E+00
 1.00000E+00 1.01000E+00 1.01000E+00 1.03000E+00 1.08000E+00 1.18000E+00 1.35000E+00 1.67000E+00
 ni57      57.000  28  29   1.5   -56.08318900
 1.00000E+00 1.00000E+00 1.00000E+00 1.00000E+00 1.00000E+00 1.00000E+00 1.00000E+00 1.00000E+00
 1.00000E+00 1.00000E+00 1.00000E+00 1.00000E+00 1.02000E+00 1.05000E+00 1.08000E+00 1.13000E+00
 1.18000E+00 1.24000E+00 1.31000E+00 1.47000E+00 1.68000E+00 2.01000E+00 2.53000E+00 3.37000E+00
 ni58      58.000  28  30   0.0   -60.22812000
 1.00000E+00 1.00000E+00 1.00000E+00 1.00000E+00 1.00000E+00 1.00000E+00 1.00000E+00 1.00000E+00
 1.00000E+00 1.00000E+00 1.00000E+00 1.00000E+00 1.00000E+00 1.01000E+00 1.02000E+00 1.04000E+00
 1.09000E+00 1.15000E+00 1.24000E+00 1.51000E+00 1.97000E+00 2.71000E+00 3.88000E+00 5.75000E+00
 ni59      59.000  28  31   1.5   -61.15608600
 1.00000E+00 1.00000E+00 1.00000E+00 1.00000E+00 1.00000E+00 1.00000E+00 1.00000E+00 1.01000E+00
 1.01000E+00 1.02000E+00 1.03000E+00 1.12000E+00 1.25000E+00 1.40000E+00 1.56000E+00 1.72000E+00
 1.91000E+00 2.11000E+00 2.33000E+00 2.86000E+00 3.57000E+00 4.58000E+00 6.09000E+00 8.45000E+00
 ni60      60.000  28  32   0.0   -64.47250000
 1.00000E+00 1.00000E+00 1.00000E+00 1.00000E+00 1.00000E+00 1.00000E+00 1.00000E+00 1.00000E+00
 1.00000E+00 1.00000E+00 1.00000E+00 1.00000E+00 1.00000E+00 1.01000E+00 1.03000E+00 1.07000E+00
 1.13000E+00 1.21000E+00 1.33000E+00 1.69000E+00 2.27000E+00 3.20000E+00 4.74000E+00 7.35000E+00
 ni61      61.000  28  33   1.5   -64.22128900
 1.00000E+00 1.01000E+00 1.03000E+00 1.11000E+00 1.21000E+00 1.31000E+00 1.41000E+00 1.50000E+00
 1.57000E+00 1.64000E+00 1.71000E+00 1.95000E+00 2.14000E+00 2.32000E+00 2.51000E+00 2.73000E+00
 2.98000E+00 3.28000E+00 3.62000E+00 4.51000E+00 5.75000E+00 7.60000E+00 1.04600E+01 1.50600E+01
 ni62      62.000  28  34   0.0   -66.74581900
 1.00000E+00 1.00000E+00 1.00000E+00 1.00000E+00 1.00000E+00 1.00000E+00 1.00000E+00 1.00000E+00
 1.00000E+00 1.00000E+00 1.00000E+00 1.00000E+00 1.01000E+00 1.02000E+00 1.06000E+00 1.11000E+00
 1.19000E+00 1.30000E+00 1.44000E+00 1.86000E+00 2.55000E+00 3.71000E+00 5.75000E+00 9.44000E+00
 cu57      57.000  29  28   1.5   -47.30822400
 1.00000E+00 1.00000E+00 1.00000E+00 1.00000E+00 1.00000E+00 1.00000E+00 1.00000E+00 1.00000E+00
 1.00000E+00 1.00000E+00 1.00000E+00 1.00000E+00 1.00000E+00 1.00000E+00 1.01000E+00 1.02000E+00
 1.03000E+00 1.05000E+00 1.09000E+00 1.18000E+00 1.35000E+00 1.61000E+00 2.03000E+00 2.71000E+00
 cu58      58.000  29  29   1.0   -51.66710200
 1.00000E+00 1.00000E+00 1.00000E+00 1.00000E+00 1.00000E+00 1.00000E+00 1.01000E+00 1.01000E+00
 1.02000E+00 1.03000E+00 1.05000E+00 1.14000E+00 1.28000E+00 1.44000E+00 1.61000E+00 1.80000E+00
 2.01000E+00 2.25000E+00 2.53000E+00 3.27000E+00 4.37000E+00 6.01000E+00 8.52000E+00 1.24100E+01
 cu59      59.000  29  30   1.5   -56.35769900
 1.00000E+00 1.00000E+00 1.00000E+00 1.00000E+00 1.00000E+00 1.00000E+00 1.00000E+00 1.00000E+00
 1.00000E+00 1.00000E+00 1.00000E+00 1.01000E+00 1.04000E+00 1.08000E+00 1.13000E+00 1.20000E+00
 1.29000E+00 1.40000E+00 1.54000E+00 1.92000E+00 2.54000E+00 3.53000E+00 5.15000E+00 7.80000E+00
 cu60      60.000  29  31   2.0   -58.34451900
 1.00000E+00 1.00000E+00 1.02000E+00 1.05000E+00 1.10000E+00 1.14000E+00 1.18000E+00 1.22000E+00
 1.26000E+00 1.31000E+00 1.35000E+00 1.61000E+00 1.94000E+00 2.34000E+00 2.79000E+00 3.28000E+00
 3.81000E+00 4.38000E+00 5.03000E+00 6.58000E+00 8.70000E+00 1.17400E+01 1.63000E+01 2.33400E+01
 cu61      61.000  29  32   1.5   -61.98371400
 1.00000E+00 1.00000E+00 1.00000E+00 1.00000E+00 1.00000E+00 1.00000E+00 1.00000E+00 1.00000E+00
 1.00000E+00 1.00000E+00 1.00000E+00 1.01000E+00 1.04000E+00 1.08000E+00 1.14000E+00 1.23000E+00
 1.35000E+00 1.51000E+00 1.72000E+00 2.33000E+00 3.33000E+00 4.99000E+00 7.76000E+00 1.24800E+01
 cu62      62.000  29  33   1.0   -62.78692300
 1.01000E+00 1.07000E+00 1.16000E+00 1.34000E+00 1.51000E+00 1.65000E+00 1.78000E+00 1.90000E+00
 2.01000E+00 2.13000E+00 2.25000E+00 2.95000E+00 3.81000E+00 4.78000E+00 5.86000E+00 7.04000E+00
 8.33000E+00 9.77000E+00 1.13800E+01 1.54000E+01 2.10800E+01 2.95800E+01 4.28000E+01 6.39800E+01
 cu63      63.000  29  34   1.5   -65.57925500
 1.00000E+00 1.00000E+00 1.00000E+00 1.00000E+00 1.00000E+00 1.00000E+00 1.00000E+00 1.00000E+00
 1.00000E+00 1.00000E+00 1.00000E+00 1.00000E+00 1.02000E+00 1.05000E+00 1.10000E+00 1.18000E+00
 1.29000E+00 1.45000E+00 1.66000E+00 2.33000E+00 3.53000E+00 5.67000E+00 9.52000E+00 1.64300E+01
 zn59      59.000  30  29   1.5   -47.21492200
 1.00000E+00 1.00000E+00 1.00000E+00 1.00000E+00 1.00000E+00 1.00000E+00 1.00000E+00 1.00000E+00
 1.00000E+00 1.00000E+00 1.01000E+00 1.03000E+00 1.06000E+00 1.12000E+00 1.20000E+00 1.29000E+00
 1.40000E+00 1.54000E+00 1.71000E+00 2.17000E+00 2.86000E+00 3.94000E+00 5.68000E+00 8.49000E+00
 zn60      60.000  30  30   0.0   -54.17369800
 1.00000E+00 1.00000E+00 1.00000E+00 1.00000E+00 1.00000E+00 1.00000E+00 1.00000E+00 1.00000E+00
 1.00000E+00 1.00000E+00 1.00000E+00 1.00000E+00 1.01000E+00 1.05000E+00 1.10000E+00 1.19000E+00
 1.29000E+00 1.41000E+00 1.55000E+00 1.91000E+00 2.41000E+00 3.16000E+00 4.40000E+00 6.56000E+00
 zn61      61.000  30  31   1.5   -56.34325400
 1.00000E+00 1.00000E+00 1.00000E+00 1.03000E+00 1.08000E+00 1.15000E+00 1.23000E+00 1.31000E+00
 1.39000E+00 1.47000E+00 1.54000E+00 1.87000E+00 2.15000E+00 2.40000E+00 2.66000E+00 2.93000E+00
 3.23000E+00 3.56000E+00 3.95000E+00 4.99000E+00 6.57000E+00 9.13000E+00 1.33500E+01 2.04400E+01
 zn62      62.000  30  32   0.0   -61.16746900
 1.00000E+00 1.00000E+00 1.00000E+00 1.00000E+00 1.00000E+00 1.00000E+00 1.00000E+00 1.00000E+00
 1.00000E+00 1.00000E+00 1.00000E+00 1.00000E+00 1.02000E+00 1.06000E+00 1.13000E+00 1.24000E+00
 1.38000E+00 1.56000E+00 1.78000E+00 2.44000E+00 3.51000E+00 5.32000E+00 8.50000E+00 1.42900E+01
 zn63      63.000  30  33   1.5   -62.21301000
 1.00000E+00 1.00000E+00 1.00000E+00 1.00000E+00 1.01000E+00 1.02000E+00 1.04000E+00 1.07000E+00
 1.11000E+00 1.15000E+00 1.19000E+00 1.43000E+00 1.69000E+00 1.97000E+00 2.28000E+00 2.63000E+00
 3.04000E+00 3.52000E+00 4.10000E+00 5.64000E+00 8.02000E+00 1.18500E+01 1.82600E+01 2.92800E+01
 zn64      64.000  30  34   0.0   -66.00366900
 1.00000E+00 1.00000E+00 1.00000E+00 1.00000E+00 1.00000E+00 1.00000E+00 1.00000E+00 1.00000E+00
 1.00000E+00 1.00000E+00 1.00000E+00 1.00000E+00 1.02000E+00 1.05000E+00 1.12000E+00 1.21000E+00
 1.34000E+00 1.51000E+00 1.74000E+00 2.45000E+00 3.70000E+00 5.99000E+00 1.03200E+01 1.86700E+01
 zn65      65.000  30  35   2.5   -65.91168100
 1.00000E+00 1.01000E+00 1.02000E+00 1.05000E+00 1.10000E+00 1.15000E+00 1.20000E+00 1.26000E+00
 1.31000E+00 1.36000E+00 1.41000E+00 1.63000E+00 1.82000E+00 2.01000E+00 2.22000E+00 2.47000E+00
 2.78000E+00 3.15000E+00 3.61000E+00 4.94000E+00 7.13000E+00 1.08900E+01 1.75100E+01 2.93500E+01
 zn66      66.000  30  36   0.0   -68.89902200
 1.00000E+00 1.00000E+00 1.00000E+00 1.00000E+00 1.00000E+00 1.00000E+00 1.00000E+00 1.00000E+00
 1.00000E+00 1.00000E+00 1.00000E+00 1.00000E+00 1.01000E+00 1.04000E+00 1.10000E+00 1.18000E+00
 1.30000E+00 1.46000E+00 1.68000E+00 2.41000E+00 3.80000E+00 6.51000E+00 1.18900E+01 2.27800E+01
