4YDGNGPYHSXKCEE206A2VDFHA8ZWUWB5
279.295
-84.9515
103.411
-420.567
64.0874
-12.4624
138.803
94.3131
-84.503
58.9128
-148.273
9.08324
-0.541041
71.8554
22.394
-88.5493
-13.49
21.4259
-1.34769
0.0879816
-10.1653
34.9561
-85.4472
-23.57
20.4886
-12.9882
-20.0
0.83333
45.7734
-84.4227
-37.06
29.3493
-115.507
-10.0
1.66667
69.6526
-1.39254
58.9128
-148.273
9.08324
-0.541041
70.3554
254.634
-1.84097
103.411
-420.567
64.0874
-12.4624
137.303
-24.3505
-4.12656
-13.49
21.4259
-1.34769
0.0879816
-13.1653
-11.7884
-1.02446
-23.57
20.4886
-12.9882
-20.0
-2.16667
-0.971052
0.0
-37.06
29.3493
-115.507
-10.0
-1.33333
1
3
6
8
1
2
1
2
